0 0 
0.7961833352817421 0.6050554492107653 
0.8498925118662798 -0.3935011712923542 
-0.14723302449743825 -0.3177339967946357 
0.8242194201399614 -0.0804996236358963 
1.3520838723641302 0.7688290053870976 
2.1795102239788724 1.3304032503926153 
1.8991966678151422 2.290311740943065 
1.8890315121260004 1.2903634074728725 
2.027922729971557 2.280671051392366 
2.8411649395470007 1.6987457051795976 
3.838471360683152 1.7720935228744805 
4.502193854007057 2.5200724342455825 
3.5611827844874457 2.858448212104396 
3.4863637206532188 1.861251086312825 
2.63384207438785 2.383943005753891 
1.6345003199273265 2.420220516580327 
0.6347721699940886 2.44353631017749 
1.380591144753331 3.1096849849409187 
0.3809269184900246 3.13559704254708 
0.8546175250676471 2.2549057179388923 
1.6855579879164377 1.6985443720487978 
2.6108420808366333 1.319269607018416 
2.8697153916115323 0.3533583228062258 
3.868649892340252 0.39950876434110166 
2.877402028956695 0.5315226777651513 
3.7353112112125033 0.01772132023369255 
3.0118459413043936 -0.6726394573578401 
3.0829495966624867 -1.6701083893024484 
3.571873474279872 -0.7977819355618891 
4.540543276704095 -1.0461341327968197 
3.560263645205386 -1.2437495271079817 
4.553597349869955 -1.128475283769051 
3.628580824491363 -0.7485484121522663 
4.086558742991164 -1.6375119806783278 
3.1079908334891 -1.4315876098701097 
3.3788361918357066 -2.3942104809167613 
2.5480274492996315 -1.837652457593383 
1.5555034228753835 -1.7156030537824725 
2.3433308328528084 -2.331499126255956 
1.7780830078933003 -1.5065779807041249 
2.7483401535448118 -1.7486545622071314 
2.006701669025862 -1.0778547721949137 
1.4948135676105425 -1.9369069077661023 
2.402144035617857 -2.3573250589270955 
3.3415341162484578 -2.7001752833879133 
2.781085977928328 -3.528364805329299 
3.7756029236372846 -3.4237892599196367 
4.72263496808519 -3.744928336938957 
5.69916570864128 -3.96030640627048 
4.846282719351 -4.482408509866392 
5.793569858484089 -4.802794333574382 
4.797639475331814 -4.892920200639079 
4.138752840778167 -5.645162450719841 
3.2152566877100686 -6.028770134777946 
4.135134798860915 -6.420974495571589 
5.099473411682137 -6.156302925844047 
4.133413193200929 -6.414619890575443 
3.9810273005313697 -5.42629881940712 
3.464502179896696 -6.2825708554758775 
4.4132195699198284 -5.966445383759826 
5.393493844423845 -6.164087349813659 
4.723279617344968 -5.42191965325104 
4.924283495916303 -6.4015100986920315 
5.563408358898356 -7.170613088881363 
4.674465422107602 -7.628631052644608 
3.754795151803595 -8.021322526856814 
4.046174040513124 -7.064714799930881 
4.606388499066281 -6.2363671914789744 
3.6774329747834287 -6.606558539168749 
3.874640990657055 -5.626196871989138 
4.5952073389922905 -6.319582866689654 
5.395609099136649 -5.720118920853198 
5.213503330613031 -6.703397868594084 
5.559577882936574 -5.765190852933862 
4.713763177968998 -6.29866764236393 
4.049124278418482 -7.045832371994739 
3.558484031630476 -6.174470134901689 
2.563931009921769 -6.278702025463457 
2.746002826712502 -5.295416790381326 
2.5085732918424912 -4.324012026149952 
2.1184253920184704 -5.244764227484766 
1.374826437351901 -4.576138327134813 
1.7776524515694174 -3.660861755671504 
0.9946899466871597 -3.0387928559919746 
0.6589365076716471 -3.980742763465433 
1.1224730771818856 -4.866820552785693 
1.6324641262383848 -5.727000260685299 
1.1684448691330278 -4.841175148693439 
0.7506745654653633 -5.7497278292648115 
0.5241274887233183 -4.775727612622313 
-0.45978068659188165 -4.954402464092557 
-0.18871970939611837 -3.991840286027328 
-1.1863175351067698 -4.061112056160481 
-0.2559066939527068 -4.427630359472865 
-0.7558212797024606 -5.2937050715818454 
-1.691973604572774 -5.645299759596194 
-1.4166916011273156 -4.683936239080122 
-0.46575323818371184 -4.993316635812266 
-0.48251475246200964 -3.993457119860601 
0.4608225471336574 -3.6616217100690074 
0.4703551090910741 -2.661667145969954 
-0.21063105690980227 -1.929370865960676 
-1.1863423663100983 -2.1484312245570223 
-0.9252607778751153 -3.1137479623070035 
0.055914183637526094 -2.920627028950035 
-0.7560126803151811 -2.3368678597784305 
-1.098999419681697 -3.2762081051734233 
-1.2227425321186054 -2.2838938192113463 
-2.155370366594981 -2.6447335653035777 
-1.6654200580691754 -1.7729832024269867 
-1.4732883226659037 -0.7916140587043368 
-2.4726686217875304 -0.8268137423331424 
-3.390432749403664 -1.2239396745775595 
-3.6620229197264407 -2.186352672922888 
-4.154133774107956 -3.056885215106059 
-5.121392702059011 -3.3106767955396417 
-4.198845761847666 -2.9247919123080166 
-4.3475461598240495 -1.935909618179102 
-4.904640274548258 -1.105460253473673 
-3.9052103310468067 -1.139221000395013 
-4.256706550985404 -2.07541030142813 
-4.728298918545249 -2.957226971070579 
-4.716596908621284 -3.957158500208319 
-3.948277121993801 -3.317092327475609 
-2.953344418807883 -3.4176354333116716 
-2.834138248247176 -4.410504955907794 
-3.198900715655933 -5.341605563989368 
-3.2318376763346848 -6.341062995109496 
-4.004236735100286 -5.705925455659958 
-3.274753287757451 -5.021926990710794 
-2.816671366414687 -5.910836971158152 
-1.8494365258928436 -5.656953605652091 
-1.0181423943233987 -5.101120836900371 
-1.4148191123607976 -4.183162460193084 
-0.5023435629725507 -3.774031219918503 
0.01927713502874584 -2.920853719384974 
0.21562286917614873 -3.9013884473177063 
-0.5355800032885721 -4.561459840729626 
0.21275992815450928 -5.224775261180382 
1.1790463712248438 -4.967305826220656 
0.3187370513697929 -4.457533451360523 
-0.6811676003422075 -4.471342415286292 
-1.3628362335844764 -3.739681377336603 
-1.8990061214621674 -2.895571283016422 
-2.8034039063133207 -2.4688809424223015 
-1.826670250258906 -2.254424967614938 
-2.7720259688895954 -1.928384225908855 
-2.3895087218802042 -1.004435874679006 
-2.117717659711629 -1.966792159287403 
-1.744859877777822 -1.038903656043936 
-1.7432086762013468 -2.038902292809684 
-0.9834802143701833 -2.6891427593170016 
-1.8406616272571865 -2.1741281717556 
-1.1545060674218108 -2.9015830141389625 
-2.0368114400852475 -3.372260429540673 
-1.6823180431517568 -4.307318947244541 
-2.4160297892397518 -4.986779817091 
-2.410884835174972 -3.9867930524547512 
-3.4040582073554613 -4.103440610473065 
-4.195549752080712 -4.714620726828658 
-4.944670468449594 -5.377054234666971 
-4.867264148113986 -4.380054604991964 
-5.270730603269004 -3.4650601680883053 
-4.307554164702905 -3.7339303006637294 
-5.177096133735596 -4.2277893535226925 
-6.061350626318513 -4.694794698617295 
-5.065455986780606 -4.7853146795036245 
-6.027505455978792 -4.512439582040539 
-5.056699701963431 -4.2725725606085225 
-4.170437405424618 -4.735756262538705 
-5.151365083125347 -4.54138319053372 
-6.151354661313924 -4.545948660304911 
-5.31254048089353 -4.0015308329648605 
-4.31436490546276 -4.061908979785148 
-4.964975081489031 -3.302497102836239 
-5.040939070339322 -2.305386541063898 
-5.7819630065127505 -2.9768651527992516 
-4.818903363130009 -3.246153331684824 
-4.217691890647283 -2.4470633709450134 
-4.719011247135371 -3.3123257027325295 
-3.737942602252295 -3.505986008493119 
-2.7986590839303136 -3.1628439501431114 
-1.9381208479635605 -3.6722298003973455 
-1.2056075766135557 -2.9914770499099794 
-0.7997402014357466 -3.9054090352164765 
-1.0167394440358215 -4.881580807350353 
-0.3524853604369934 -4.1340739428853635 
-0.5542553331454172 -3.154641005868621 
0.3478581929678135 -3.586139772962518 
-0.42121516691602634 -2.946979255473381 
-0.8045494958771089 -2.023369601864262 
0.03169589629346514 -1.4750142024438837 
-0.23143380957843213 -2.4397746690301596 
-1.2244613615739242 -2.557657157033426 
-0.2630883907149081 -2.2824081590303282 
0.5287036320970913 -2.8931989518647345 
0.7911151581967606 -3.8581550083616314 
1.4062319686188731 -4.646590997859908 
1.2101894677946854 -5.627186397538388 
1.151323567682517 -6.625452296887847 
1.010149618573761 -7.615437102878847 
2.006820123491238 -7.533902419292402 
2.078694550790248 -8.531316108139933 
2.0059915317111656 -9.52866974202151 
2.725125984775705 -10.22354069292935 
1.7695008414970597 -10.5181261398436 
2.6618248003990086 -10.969521700709626 
3.5291311714900226 -10.471746993974806 
3.698379830885949 -9.486173611982029 
2.703454442047823 -9.586789071257948 
3.4069424164896835 -8.876081909470699 
3.6501613102623107 -9.846053336736482 
3.6641603987730043 -8.846151328777268 
4.085073934162433 -9.753252092599 
4.943074794939996 -9.239603844373658 
3.964879997217262 -9.03191432198945 
4.4525205335166005 -8.158869817191619 
3.7914127045340096 -8.909160719747371 
3.4178668600952156 -7.981549000274989 
4.416638085180893 -8.031107450017238 
5.271347649852525 -7.5120009483638395 
4.832874029784653 -6.6132568888538055 
3.847545282361037 -6.442589787452839 
4.190118305506712 -7.382080992208281 
5.169432611865171 -7.584425968329885 
5.4078262753664195 -6.613257362369801 
4.5738497598473185 -6.061457424382654 
3.607745664929182 -5.8033046057220625 
2.6933357008357737 -5.398515256100939 
2.380798384729225 -6.348420738789041 
1.876247356605114 -7.211802612596282 
2.0736112525055708 -8.192132910299557 
1.800828795611737 -9.154208651190556 
1.1287756405982345 -8.413705743136578 
1.8364872154250447 -7.707204273317756 
1.1759016198216514 -6.956453535135428 
0.7566229967298539 -6.048595927237446 
1.7559336182563339 -6.085721143793859 
2.7537406298110474 -6.019530754066557 
2.9161566797476017 -5.032808388493035 
2.76415743977372 -6.021188998909571 
3.09842451718619 -5.078710606076013 
3.806031538647621 -5.785316792843778 
3.6131423436805465 -6.766537338116325 
2.8459957494869563 -7.408009163699628 
3.719384453538031 -6.920985374099998 
4.06364879523033 -5.982112612199234 
4.997603741239413 -6.339503377084354 
5.3669473609988785 -7.268796275229484 
6.366936731176883 -7.264185469334989 
5.62884099223768 -6.589489478417753 
4.7236559035426655 -7.014507072411459 
4.129089935344928 -6.210460239533494 
3.13163772957064 -6.281798148081519 
2.4533370709981313 -7.01658261755546 
2.409707660292651 -6.017534833652461 
1.5397300139399335 -6.5106259964678035 
2.5151700320149466 -6.730891225539071 
2.493146271482202 -5.731133777968913 
3.067229094864138 -4.912336543057958 
2.0682772250273 -4.8665636061903665 
2.8668883981341966 -4.264716288186185 
1.8707759170813976 -4.352806725186106 
2.1813385774946488 -3.402253815581888 
1.404643842333622 -4.032131016608519 
1.656763323617103 -3.0644349035867973 
0.6606693049256613 -2.9761359459081604 
0.025650513181662338 -2.2036392571566865 
0.7712613107140438 -2.870020933527763 
0.9844331128952932 -3.847035663588062 
0.4774105661776249 -2.9851028720550272 
-0.4886960204941211 -3.2432463654641546 
-1.4885767023359473 -3.227798968287785 
-2.075529483635402 -4.037420134343141 
-1.5362262389316879 -4.879531771985114 
-1.1622209164272548 -5.8069583290441384 
-0.9416748216099761 -6.782334882002456 
0.05713732367197588 -6.831061655313079 
0.6317433234080452 -7.6494918264745 
-0.35495069642786603 -7.4869036620219465 
0.6252192830361607 -7.685062213080157 
1.3606051008100586 -8.362710867632806 
1.5089398642749252 -9.351648073904176 
1.3101216110431841 -8.371611695915135 
0.885858043418506 -7.4660729473315195 
1.209190945079841 -6.519787665451228 
0.26602112321664684 -6.187476535444197 
1.1549056035841607 -5.729345134466514 
2.138650474807865 -5.549773342859209 
1.4486929185762596 -4.82592351686012 
1.7457436352550015 -3.8710618139310284 
2.4173010110725195 -3.1301092574302167 
3.1770050163836228 -2.4798402174826983 
2.391261757008214 -1.8612874466166152 
1.713746283889412 -2.5967959670870484 
2.4745081534249724 -1.9477648600815685 
1.9065631025726657 -1.1246983869383778 
2.6705867585033434 -1.7698866177503803 
1.697550791183646 -1.5392331844305596 
