0 0 
0.11394323799449704 -0.9934872613754689 
0.839417358884406 -0.30523781537568206 
1.673281086792877 -0.8572081798687295 
0.6829838928823666 -0.9961738869081613 
1.0296062248622506 -0.0581691113484486 
0.049010213146188475 -0.2542085507644819 
0.38306273152223774 0.6883459118352234 
0.38086164733387595 -0.3116516657760404 
1.3762593630936155 -0.21582167328781804 
2.367471059987248 -0.08353648159484817 
2.1390437429208125 -1.0570974508298674 
1.8816808268260496 -0.09078263182976531 
2.3692716445789386 -0.9638549051514353 
2.539709151797829 0.02151358233586531 
1.7483594547729862 -0.5898501858240489 
1.9884589503130896 -1.560598470520647 
0.9923336689951158 -1.6485440441397177 
1.598592575174209 -2.4438113820070098 
2.418827503112142 -1.8717845793214594 
3.0907185095660945 -1.1311345435783327 
2.6852483659842856 -0.21702625531936104 
1.786897144893679 0.22225165621844417 
2.7845094056535413 0.15318808274011653 
2.2916914262053876 1.0233205089446793 
1.384320919344571 0.6029887789038162 
0.9352900017233767 1.496504998689595 
1.6060983734578924 2.238135721091848 
1.0231741881707705 3.05066227093951 
0.1560223184708217 2.5526184627500266 
0.5657526887519013 3.4648251409043413 
-0.17607674823455588 4.135413752812086 
-0.4575762940931041 3.1758523917301433 
0.18316937741763584 3.943605597155071 
1.1628980892484986 4.143934454822254 
2.158534974413209 4.237246795375433 
3.1410219008364786 4.423578326274948 
3.2311744651760677 5.419506293119436 
2.24098788984646 5.2797545631229035 
1.5774898616990678 6.027932594506158 
1.3850684386951453 7.009244979004155 
0.6484127784728103 6.332976956499471 
0.6145020240452614 7.332401821476401 
1.6142750738658678 7.311098092873095 
0.9883704074849594 8.090997668845928 
0.0022002509295663275 7.925261666964889 
-0.13512458847002173 8.915787733499172 
-0.654209229293487 8.061064892069757 
-1.0273273386928876 8.988848744288697 
-0.02765484006093022 8.963257818573922 
-1.025694313531527 9.025845432320844 
-0.171166781164097 9.545251532040544 
-0.7578468475232748 8.735432725308574 
-0.1399310308504612 9.521676989838095 
0.221658800762418 10.454014264473283 
1.1791949770254828 10.165701116754507 
0.25476110383276285 9.784358732414782 
1.092909216620942 9.238916030538945 
0.3441641961836396 8.576057905167955 
1.028280312363477 7.846684791060357 
0.028327117925674994 7.856359962047763 
-0.2000660820244326 6.882790988519667 
0.7851628950392255 7.05403310586846 
1.649656692165308 7.55667659257701 
0.8714662275944838 8.184704936564003 
0.13654320943305054 8.862855478388228 
0.8904885516811938 8.205918326978498 
1.7988357644179773 8.624135185932458 
0.9017614823113547 8.182255414520721 
0.9438930290951831 9.181367486695612 
1.7810554362759934 8.63441309736938 
2.1445591724485022 9.566005837674192 
1.8147475437250753 8.621959075294912 
1.8078039769339862 9.621934968444451 
2.5563470228314715 10.28502116829973 
3.2383853306482075 11.016337615995585 
3.5541403926344093 11.965178351224681 
3.047447828892916 11.103051535814632 
2.9738189207052463 12.100337244064326 
2.750197987441272 13.075013435528009 
3.5504578048497786 12.475360015091418 
3.2188999180801923 11.531925137783563 
3.411132361077882 12.51327455968136 
2.67323477439637 13.18818725890223 
2.858774425662234 14.170824037070105 
2.152477322265949 13.462908504160975 
2.929964860908286 12.834010160025867 
2.8586841484813763 13.831466454825751 
3.7879308439551633 14.200926302374908 
2.906507044179039 14.673252551050776 
2.8079937448770225 13.67811681666042 
3.459216792467463 14.437003199650007 
4.456612800579863 14.509122565991163 
5.417101173341395 14.230802452111652 
6.386181222751825 13.984055906371534 
5.9359202324260085 13.091158913101417 
6.5433913550658085 13.885500675291182 
6.275560409106665 14.848966598085875 
7.2742814594123 14.899526104377049 
7.037880573294458 13.927870496127552 
7.963750721395348 14.305712353067246 
7.457973987621375 15.16837676961225 
6.575263824605305 14.698458938381998 
5.580950960905936 14.804957431713875 
6.1440749584509975 13.978585019668998 
6.379243988408716 14.950539507980434 
6.321883908247114 15.948893063192141 
7.164807834144559 16.48692582720344 
8.05481458081267 16.94287318259137 
7.231539628457599 16.375230378686698 
6.83281577114227 15.45815934239366 
7.0751238987841765 16.428358688548187 
6.220921459580345 16.948299255207708 
6.875327591615196 16.192156005317063 
7.46017508526347 17.00329927821855 
6.839125903206363 17.787070873433763 
6.242153631160646 16.984809004460438 
5.947402612311677 17.940383092057782 
6.9422386447454905 18.04187825731874 
6.099918591096169 18.58085592589157 
7.09964059529709 18.604433761171634 
7.424961430469801 17.658830062890726 
7.665228148257602 18.629536972479546 
6.730717514453921 18.273601760245857 
7.594243443361978 18.777906202129405 
8.562573087785811 18.528231013674457 
8.48704015274444 17.531087706158413 
9.458672907797554 17.767582503792305 
8.87523919757473 16.955421740288163 
9.86538767858625 17.09544311562271 
9.128824322619574 16.41907456028686 
8.381086286693701 15.755080712702622 
7.5594966763911 15.185001321527306 
6.569793367734216 15.041867255583458 
6.562140933781819 16.041837975282093 
6.396780677308365 17.02807120610482 
6.396617846029149 16.02807121936183 
5.399447362701629 16.103244533645288 
5.922298134436935 15.250820302117468 
5.081433103096175 15.792065162664247 
5.858528627909756 15.162682492649648 
6.457598251439845 14.361985554873865 
5.94129528176355 15.21839155876655 
6.94126795314987 15.210998556635799 
6.780966454613836 16.19806665437126 
7.776614932721249 16.291255216128548 
7.0444632401077625 16.97239683062821 
7.4717698580165335 17.876503602138836 
6.899326694019352 17.05655919914989 
7.584785866779137 16.328448134490472 
6.585845818816145 16.282417920764107 
5.676751427842839 15.865827728487723 
5.423854097493209 14.898334606909058 
6.366298076582973 14.563970514522554 
7.344196125903731 14.773052807255956 
8.274635622209676 15.13949836080237 
9.056943567849707 15.762390227973933 
8.323685007703098 15.082440315133493 
9.274952558340381 15.390807056376035 
10.101583114756036 15.95355204586945 
10.040398761113762 14.955425563468859 
10.583304987752685 15.795218888684467 
10.899564663751054 14.846546227890762 
11.596523174729397 15.563657679462171 
10.63025977064887 15.821213564533185 
10.743104029037132 16.814826252328988 
10.66816883107611 15.817637846807472 
11.44570108174637 16.44648091082873 
12.405204188211023 16.16478286560179 
12.076489356979758 17.10921208991063 
12.824798495002188 16.44586193052863 
13.711297461946113 15.983131359237568 
13.61530133810144 16.978513067029507 
13.188645191414375 17.882926983604293 
14.182520789853946 17.772422255984225 
13.950379475693317 16.799740185490595 
13.997906227354695 17.798610150939812 
13.456847055634006 16.957625625103027 
13.476309020312712 17.957436223131896 
13.862821023288127 17.035151846404233 
14.142866192173972 16.075165021815636 
14.613236674634265 16.957634063329316 
15.60370208406479 17.095395715183603 
14.978024495146792 17.875477476748223 
15.195742660643429 16.899465796278783 
16.08507535750941 16.44220508914872 
16.678522127317066 17.24707832848822 
16.358241101468998 16.29975575170579 
15.733462824291845 15.51895353323587 
15.560119427641853 16.50381497873866 
15.000485163907102 17.332554679039102 
15.536298882936757 18.176890902648875 
15.121540617829666 17.26695926701609 
14.12165174249008 17.2520516524471 
15.120748072723238 17.294554863086258 
14.399885334430584 16.601477008483172 
13.510307014399498 16.144694333099494 
14.23832089036308 16.83025672734562 
13.577039134983849 16.080119113302327 
13.239865838739785 17.021561712880185 
13.11936744918567 16.02884819019861 
13.50947204502791 16.94961873941419 
14.250196994157257 17.621427156849794 
15.167658991081126 18.019250590297933 
15.27428297629908 19.01355000484882 
15.66896655891585 19.93236710831 
15.040871451621829 19.15423052891451 
14.133929052486163 18.732975873569263 
14.726675311243175 17.927586605743098 
14.626101480549856 18.9225162035437 
15.320827491316725 18.20324172883745 
15.973955319580885 17.44599405472617 
16.379919155915935 16.532104912877923 
16.35443009207601 17.531780013910534 
17.238731902867762 17.064864274798612 
16.338078476322 17.499402426462396 
15.338102627841531 17.506352423280198 
14.338248658770592 17.523441616739486 
15.218140868342077 17.99861495304468 
15.179011734289844 18.99784911522506 
15.479986453285207 18.044216996153107 
16.444909307616268 17.781683407464733 
17.443064127458594 17.84240371399832 
18.273707684368784 17.285599186930167 
19.097054907063306 17.853137160004405 
18.13256700583724 17.589010129224633 
19.080660116857896 17.271017278935233 
19.226423705266548 18.26033673001978 
18.266787943146518 18.54158253720686 
19.260405104287294 18.428777674339404 
19.94595389877215 19.15680435680397 
20.832476780107854 18.694119603577494 
21.690721441492748 19.207360386450727 
20.76788998053756 19.59256435147616 
19.77170851842629 19.679871250091633 
19.15333968745734 18.893983224425067 
18.743506139270565 17.98182289708089 
19.186670091123847 18.878263476136624 
19.85402051518734 19.623007332440437 
18.907676161410944 19.946167299137322 
18.583552772069325 20.892182113229417 
18.61424167681587 19.892653128594425 
17.633296131049665 19.698370251733273 
16.63368568575854 19.670460438676194 
16.009367397113326 20.4516305062435 
16.195980957160703 19.46919710941375 
15.206291069163246 19.612423942079914 
15.211281683221658 20.612411488888032 
16.18373390148414 20.84551379088521 
17.1449294144478 21.12138184967151 
16.244741779257502 21.556884113099034 
17.086190509873326 21.016547149950092 
17.477718475104744 21.936713359089367 
16.482492645202036 22.034312270427897 
15.776290046963894 21.326302461003127 
16.66626544450686 20.870293917477635 
15.669819714942632 20.786056704601044 
15.875582100051878 21.76465868746954 
15.694205610949178 22.74807241993456 
15.959287246556936 21.783846447216796 
15.565207103055355 22.702922527037053 
16.447334619298342 22.231911863583477 
15.473648487724672 22.004018649158162 
15.3214799691125 21.015664086289462 
15.671884754672204 21.95226244538308 
15.015541611929862 21.197799935396596 
16.003006576663587 21.355638281255327 
16.996263998073676 21.47156797897674 
16.074477528393775 21.859265933981746 
16.132206276985787 20.860933628791734 
16.300396144890023 21.846688247515054 
17.19706356650311 21.403983453077792 
18.139788951603446 21.070413597893868 
17.252484862998607 20.609228760388195 
17.47378409061029 19.634022806828398 
16.842311598470037 20.409421086211434 
17.842311126227187 20.41039293263668 
17.00445269423851 19.8645053545169 
17.713720888625954 20.56944409542307 
16.785083440921383 20.940432627214477 
17.466276849399474 21.672536130993826 
17.007091601127147 20.784195595067946 
17.966575137273754 21.065960290982115 
17.629340801538973 20.12453955464712 
16.632972313980158 20.039393579993227 
17.365619673643014 20.720002018362194 
18.158317314321163 20.110387016526367 
18.545213813159155 19.188263869009234 
18.057252566382875 18.315398574909086 
18.398023532916753 17.375252230786234 
17.880396133566872 18.23085837583329 
17.091654535817547 17.616133484536505 
17.4331196968266 16.676239052263888 
18.09646035621052 15.927921492929546 
17.7140530364073 15.003927639183257 
18.68315025041849 14.757248516037917 
19.547029880635986 15.26094682305838 
20.54429268387521 15.187008326485591 
21.39177900444713 15.717825560986759 
22.387578392348107 15.626263674505322 
21.618685760963494 16.265641592017683 
21.97975853723718 15.333103951901204 
21.11051198040905 15.827482777744745 
22.0704249355013 15.547184510454226 
22.974935685494255 15.973635331941516 
23.75116858433499 15.343189071934123 
24.497566573601674 14.67768922849413 
25.06117676205092 15.503730120627324 
25.809113144075265 14.839959702150928 
26.799990088416664 14.974729436040445 
27.271115783632794 14.092663350473657 
27.961569305970723 13.369286592835461 
27.045189116597854 13.769595659089207 
28.045065102186857 13.78534410162864 
27.448506948436233 14.587913954783893 
28.283717273345278 14.037983310824742 
29.106817042592887 13.47008651574263 
28.23115592512766 12.987160426822651 
27.89454010792654 13.928802498742776 
28.815272395997447 13.538607606792974 
29.591502818209623 12.908158297464851 
28.59779514483965 13.020163028997231 
28.325375786959267 13.98234164726519 
28.58416942299582 14.948274281534776 
27.624772476711357 14.666214891582857 
27.616120460342025 15.66617746218875 
26.65236998949591 15.932982690668055 
27.521222785387607 16.428053209959177 
26.63878806656579 15.957618339846574 
26.582096779122097 14.959226584107387 
27.345574626179673 15.605060600749688 
26.415425546206315 15.972242693211609 
25.490188689828745 15.592852709684694 
25.330538017078094 14.605679136957859 
25.988884295211992 15.358394340781485 
25.998729456739984 16.35834587600431 
26.998663129219366 16.369863282044424 
26.524878689670008 15.489222433093559 
26.762257155778254 16.4606396780651 
27.533409281601458 17.097290601914544 
28.111319371090193 17.91339104209769 
28.163975701869937 16.914778348993494 
27.610163437346422 17.747419913932056 
28.607565041672466 17.819461843999456 
28.842129088238146 16.847361176342687 
28.51224953491719 15.903338146803277 
28.761944689404153 16.871662642943765 
27.990632270153462 17.508119359390093 
27.035348092055408 17.212430098381983 
26.03692883984135 17.268635051974414 
26.879542424339586 17.80715371202162 
25.9513010223116 17.43517535302594 
25.244685732409586 18.14277328411159 
26.153720486301566 17.726052974771445 
26.667543307161438 16.868156647256512 
27.612980867143747 17.193959993118245 
26.773026477479586 17.736616996467422 
27.671612711827574 18.175413964825573 
28.224304348370342 19.008799802775606 
29.067770469974317 18.471617429920396 
30.017694998322504 18.784096853950956 
30.961971365754668 19.113250529168354 
29.9627201022495 19.151940481136815 
30.71993635770782 18.498776227315712 
31.613138475562142 18.948431624993262 
30.67091524732401 19.283417278668935 
31.188027244549655 18.427499535935848 
31.121378056515777 17.429723065109627 
31.631529825489835 16.569638666569205 
31.79903223522051 17.555510333032146 
31.164097846881674 18.328076396553442 
30.450751795830065 19.028888362382418 
29.456589514810187 18.920993232754842 
29.434335478469908 19.920745581022434 
28.693411761396906 20.592334775008403 
29.006616696032463 21.542020338192312 
28.079415702344377 21.167456168384483 
27.36375789117083 21.86590723847192 
28.29265473127308 21.495568663046594 
27.305826140700262 21.657338044661497 
26.57427369975195 22.339123220609583 
25.924562043300757 23.099303964558974 
25.940362169351303 22.09942879434182 
24.963877470033513 21.883842078614144 
24.639847564914426 22.82988891708913 
24.953912575969788 23.77929039635425 
25.869795250183643 24.180736441390035 
26.600663128560985 23.498217471429342 
26.759857805724064 22.510970260867094 
27.711127603860803 22.20261045292694 
27.696764856154957 21.20271360250769 
26.846399573012484 20.67652078117123 
27.149349845472955 21.62952714653094 
27.870596469733943 20.936848788999733 
26.932924047041656 21.284369188001545 
27.901003421636165 21.535013007962668 
27.33270191230625 22.35783339814107 
26.375343891845265 22.646737570244948 
25.455510000097814 22.254429513237778 
24.61666514584558 22.798800076819745 
25.06098107624509 21.902929911007075 
24.56042633938531 21.037225021678594 
23.56477841834547 20.944030508272238 
23.35182857134425 21.921093639631803 
23.08206757634456 22.884020950272006 
24.035284517457992 22.581733896010082 
24.85992627639547 23.147389241089137 
25.838158083612633 23.35490437631702 
24.88066082964684 23.06646199273242 
23.98047944359698 22.630946812504042 
24.169404768575212 23.612938269484125 
24.212379709416624 22.613862119003254 
23.87871079310042 21.67117179112014 
23.2470093771294 20.89596000002031 
23.877013786871387 20.11936844475741 
23.27181211735371 19.3232962500332 
24.14421455505832 19.812084534147143 
23.260518045473955 20.28014487101453 
22.596157559024242 21.027557169578248 
23.55519885846738 20.744290888559103 
23.335751911278724 19.768666453968837 
22.423914272222188 20.179217449583028 
22.15800485214311 19.215219430750412 
22.24592335996527 20.211347101273788 
21.247863269357723 20.149089125588315 
21.606434869069584 21.082591352623727 
21.869766031636075 22.04729685111608 
20.869770243248556 22.044394574901652 
21.280982747242092 21.132855065851516 
20.530253471954772 21.793465053080425 
19.881865858901154 21.032154667469776 
19.183625293565555 21.748017861746323 
19.494813191665248 22.698366267372542 
18.991045983986762 21.834526814425512 
19.974271445485993 21.652132483758077 
19.628612143217133 20.713772400018897 
20.46542164017566 20.16627823036956 
21.374963263544622 19.750665387257907 
22.348145599586715 19.520630301204378 
21.38026053337612 19.2692371855339 
21.24646826602635 18.278227786387045 
22.01330663991693 17.63638753497798 
21.31836854455032 18.35545710296722 
22.147649678163244 18.914288742581217 
21.27899198272093 18.418875977153387 
20.382906204032828 17.974995050290183 
21.247635218321054 18.47723377027114 
22.24587762376931 18.53649674323808 
23.087466436430788 19.0766154990715 
22.091429845118814 18.98767108515122 
21.93272886315283 19.974997777955092 
21.345632185590475 20.78451460371923 
22.046891870023654 20.071608680761173 
23.046707842796767 20.052424818069984 
23.817466125560333 19.415297146758057 
23.940901253010903 18.422944503132182 
22.956232373450263 18.597378437975127 
22.69220313718124 19.561893115103057 
21.974331319257526 20.258068418479226 
22.222384840878593 21.22681474771686 
22.98562998838194 21.872923751533236 
23.408880469524966 20.966911041792255 
24.408091412879095 20.92719340488685 
23.58546145376044 20.35861627699615 
23.188877254582668 21.276614628281447 
24.01809303512459 21.83554323669244 
24.623154686792798 22.631721858410295 
23.761439675216437 22.12432926995048 
23.351705345844195 23.036534169813375 
24.264823477512742 23.44422924903085 
24.647241708233693 22.520239910990494 
24.717610107626076 21.522718839349924 
25.62295052851661 21.94740545592943 
26.611816238262943 22.09621610100525 
25.93647643487175 21.358709389201525 
26.66813297491599 22.040382850185953 
25.725995620920635 22.37560994665435 
26.48328916062079 23.028684593787748 
27.452126260392717 22.78098583701752 
26.494092725258472 22.49432969185719 
27.020042239803285 23.34484548133442 
27.50617655728198 22.470961378395405 
28.501094059249837 22.57165479564814 
28.363057510704518 21.581227659880092 
27.40428900079387 21.86541587990991 
26.435236358790757 21.618561718456665 
27.126985724914494 22.340699388480466 
26.838899787309185 23.298303948073865 
25.847051930323317 23.170876209364668 
24.99432873961049 22.648513155521332 
24.761407069810172 23.62100865460471 
23.94568604062149 23.042563149358664 
24.474446917767644 23.891333986981888 
25.46635232648098 23.764355011693727 
26.220091116275455 23.107180881984437 
25.74253053226619 23.98577970317687 
24.870796033679937 24.47575823737462 
24.959627230947305 23.479711542489262 
24.21140632915281 24.143161225673925 
24.224855856051516 23.14325167465133 
23.278790422152987 23.46722728296527 
22.718476223621078 22.638947137770696 
22.150735215198743 21.81573990544363 
22.756428494124926 22.611438122020523 
21.756869682085902 22.581736585441757 
21.692000043280807 21.583842838612316 
21.00686015560525 22.312254353016037 
21.612870812326857 21.516797827529043 
22.31244339812888 20.802236285606817 
21.471184969352375 21.34286948474694 
20.473247895783924 21.278669818099566 
19.930184528892227 22.11836153506494 
20.2590860983267 23.06272574320899 
19.529502020428556 23.746616869981015 
18.52979667274703 23.770890679260994 
19.51786607519548 23.61688140699093 
19.793277509735777 22.655554957898605 
18.83263008931553 22.377784308549323 
19.661244307062724 22.937604349408176 
19.358942523797936 23.890816619490202 
20.19394649814586 24.441060531608432 
19.76589719610811 25.344815916115213 
18.792538152620274 25.574102139993673 
18.64250989460531 24.585420430950265 
17.677715608157357 24.848426105484833 
18.65823001901587 24.65197893676311 
18.57169152167706 25.648227444153882 
17.5979441107213 25.42059620803512 
16.641957022710567 25.714004946072617 
15.864364244996755 25.085236728008663 
14.94186718216438 25.47124083299414 
15.928170475353431 25.63618268288201 
16.4901746983254 24.809048320543173 
15.781065590604884 24.103949552037786 
15.748172224974558 25.10340841887399 
16.747585832882624 25.069167502878884 
17.235866910741095 24.196481082103716 
16.294180728649177 23.859988683293356 
17.29389290315848 23.835997682107795 
16.396104027608633 24.276423765507655 
15.656971071316697 23.60286421140487 
15.008362072279407 24.363985992966697 
15.807756057899013 23.763178822773796 
14.998603974550221 23.175579549448592 
15.964173146659816 22.915433102477675 
15.906517025228192 23.913769604695972 
15.635137822577887 24.876242112546915 
15.166249255635313 23.99298478209868 
15.261353559548075 22.99751746903548 
14.589531022212864 22.256805326345432 
13.74497268965926 22.792268885249563 
14.600615340657631 22.27470183278923 
15.560874761788646 21.995592814430584 
15.219992697574767 21.055486746852417 
16.09701805106543 21.53593084280384 
17.081323276084454 21.359456414060617 
16.083282841470446 21.422028699263244 
15.675677030609213 20.50887071569624 
15.559254306402309 19.515670962731992 
16.011701208153223 20.407462306654995 
15.499226188667816 19.548760172965185 
15.863335450047735 20.480116412960047 
16.338019834560246 21.36027249860621 
15.46890648028474 20.86565954141647 
14.880351315486312 21.67411660149393 
15.620109250706044 21.00124350998303 
14.707845004069867 20.591641331876847 
15.01043416320582 19.63852024787262 
15.504415659884364 20.507992663156294 
16.419826302375295 20.10547141450681 
16.23615499150867 19.122483698630088 
17.214269891168325 18.91441822080212 
18.208436267011383 18.80656082818075 
18.920604993420802 18.104552491247073 
19.683727667751533 18.75080614417471 
18.785981054020745 18.310293922397715 
18.291670338642664 19.17957921311786 
17.30219630038269 19.324289708969054 
16.63724232875258 18.57740537012311 
15.809511393420587 18.016280162442666 
16.651516270363683 17.47681024928342 
16.43345604464554 16.500874934849236 
17.00477255079013 15.680145107313562 
16.0047821068835 15.675773369052639 
15.012831868779555 15.802401664174734 
15.981940761488634 16.049034902145983 
15.821764381482947 17.036123311199738 
16.35714843846077 17.88073204400681 
17.113616191945656 18.534763035579477 
17.746072522489396 19.30935905283954 
17.172312954582114 18.490335269158717 
17.668069963449984 17.621873993016607 
16.678227534378035 17.764042785685547 
17.56120910821393 17.294635137402857 
17.18835131254908 18.222523635128713 
17.390200648014716 17.243107050741823 
16.98434010209471 16.32917203266586 
17.481079608687132 17.197071717301313 
17.32049491569356 16.21004965251443 
16.747674022072864 17.029730214582113 
15.766396978279738 17.222331780839042 
16.484280276098765 16.5261683153279 
17.379369384346003 16.97205561980871 
18.078414266348485 17.68713341483953 
17.893825932306708 16.704317487549133 
18.568690305428717 17.44225927244184 
19.07817647637527 18.302738116815267 
19.890964932723847 18.88529706252505 
20.877662438866576 18.722730056734452 
21.1994018037395 17.775901782393657 
20.412536925932624 17.15877645956695 
19.41966135752548 17.039620655427193 
19.247645208493818 16.054526525674955 
20.00689412853406 15.403726189613481 
19.903576923044348 16.39837464763762 
20.32751208988739 17.304067186148213 
19.358221962265247 17.549987190406206 
18.682547365869546 18.287187190260727 
19.242415760361943 19.115768737755303 
18.782594492027055 18.227757250674816 
19.77326800653079 18.364014315302 
19.54920861081949 17.38943882454026 
20.18305701889035 18.162896124968693 
19.26367443586991 17.769531578982832 
19.38914902689377 18.761628412466035 
19.01194673421434 17.835497519774627 
19.817090814740716 18.428576780576535 
20.74305555290687 18.806186769418048 
21.74204324992713 18.761202536600713 
20.848909497260088 18.311411363002467 
20.657425301996486 17.329915666137598 
19.812431267596416 16.79513993573438 
19.380602868922427 15.893184152949736 
18.38310934439586 15.822426336932228 
17.40152943703832 16.013478386049652 
18.316990801549412 15.61107250874728 
18.535320586050396 16.586947554641863 
19.199911733063256 15.83974034956945 
18.3520164254674 16.36990404821066 
17.59440762663105 17.022612948047133 
17.912576499698023 16.074578893695026 
18.559392066345836 16.837225353558352 
19.5108694196468 17.144944131268453 
18.510967763366633 17.130919946152087 
18.844455488520953 16.1881655045442 
18.829876565641463 17.188059226400515 
17.972089751096565 16.674053603091863 
18.785850792614454 16.092854009744002 
18.355896116855657 16.995704482853004 
18.899865438103074 16.156599377671522 
18.31247730621761 16.965904748047933 
17.638470681398577 16.227179447479408 
18.287558739796236 16.98789272621559 
19.207098194411895 17.38089042519758 
18.249832884714905 17.09167921025126 
19.227823757266528 16.883031533039844 
20.227534357235868 16.858975009830086 
21.019320812804455 17.469773019632125 
20.525074571835873 18.33909496994077 
19.94375002358701 17.52542318746134 
18.996585135672785 17.204676129637846 
19.677821283425708 17.9367398638815 
20.432670483236873 18.59263824438296 
19.470177201024896 18.863943757959106 
18.86197096753508 18.07016470964394 
19.82109631556666 17.787183143524704 
20.027429509733114 16.80870135371711 
20.645586682525916 17.5947558745519 
19.912339846290646 16.914793318854187 
20.89951612399664 17.074427264913705 
19.905205980299865 16.967903379602948 
19.99732661105157 17.963651233926473 
20.56335852356952 18.788034563459085 
19.979007193037607 19.599535347504045 
19.34374231991189 20.37182968321587 
20.33952867684462 20.280126186299757 
19.63592302535793 20.99071684708555 
18.704610752342543 20.62649514244548 
19.455125116186135 21.287349278896517 
19.04930478699503 22.201302155370584 
18.50809083415213 23.04218708046329 
18.44549736670325 22.044147974098852 
18.127178868066274 22.992131799607233 
17.81786300909429 22.041172442227317 
16.82027113786984 22.110529910944884 
17.52773009314091 21.40377547933036 
17.576482249317994 22.40258638599292 
16.651892330389558 22.78355027117878 
15.677419151161393 23.00805421984105 
15.23299329034817 22.112238583540574 
15.979174059518103 21.44649519474804 
15.936214745809636 22.445572017302588 
15.065287081306609 22.93698325364472 
16.060285520332545 23.036873725342215 
15.574148828033227 23.910756507184423 
16.286609137830496 23.209044096745803 
16.9448131897982 23.96188367193649 
17.155810631810525 22.98439705849145 
16.728016715696757 22.080520758693712 
16.87100010201196 23.070245847411705 
16.169298427580472 22.357774963725888 
16.907918867035352 21.68365342689482 
17.61426962010674 22.391515428725324 
16.61435286084798 22.37861292689578 
17.232122293306663 23.164972213939354 
16.345825721860987 23.6280903278624 
17.04836776293346 24.339732569811066 
16.0626903675232 24.171090723944612 
16.423697641599862 25.10365372345925 
16.264625427630467 24.1163867733678 
15.327300813507573 24.464844185054467 
14.350033390218398 24.252833847151486 
14.407841252381992 23.25450611986346 
13.520735917266682 23.716073151192557 
12.521152473848442 23.687212457435585 
11.521529225763764 23.659765018782068 
11.07279721892151 24.553431391672603 
11.570341174530311 25.420870157371454 
12.341423422707248 24.784134602728553 
13.269532051069634 24.411825089071847 
14.025720064487453 25.066179494851475 
14.976614680282182 25.375694324306536 
14.049302847914108 25.00140464297647 
13.265345816476913 25.62221973047047 
12.578412945337742 24.8954988552037 
12.606050604322736 23.895880848260134 
11.88785188263336 23.20004279514451 
11.982796773211827 22.20456026503509 
11.100076521110616 22.674459144082885 
10.335913003783677 22.029436571775122 
11.092193342630013 22.68368426880926 
10.172661910325136 22.290667799684442 
9.541492778683414 21.51502256682174 
10.486372492084111 21.842440231592317 
11.038139543137916 21.00844195739063 
10.473698476391155 20.182968588850024 
9.474293408221929 20.21745785845178 
10.37968825168673 19.792887278421386 
9.9883021329254 18.87266072694564 
10.935982496114343 18.553439911167484 
10.02674769310169 18.137156266292333 
9.061455452705621 18.398328413794967 
10.059846492572618 18.455032307076618 
10.874676045013553 19.034732919866446 
10.11094622221431 19.68026894346779 
11.108922316104229 19.743859163031953 
12.040440696900093 20.10755341132226 
13.015789838314 19.88688612252948 
13.576488257532057 20.71490622052612 
13.337260294452674 21.68586965015717 
12.352892398941782 21.50974513088897 
13.33535543743642 21.69620257373286 
14.232395961830594 22.13815087115534 
13.443270726887313 22.752383207959348 
13.80985993104426 21.82200030001468 
13.157593082599668 22.579989718423775 
13.437685963082501 23.53996262340747 
14.218261337077912 24.165024288774916 
14.592113292523385 25.09251267975865 
14.455525732542707 26.083140681815184 
13.843211448164663 26.8737551372526 
12.844278171601305 26.9199320684455 
13.74223647345344 26.479851521119414 
12.764395556979562 26.27050219088517 
12.083535245283587 27.002915486748414 
11.576832096515478 27.86503608099755 
11.748072117615273 28.85026542240682 
11.929179930814966 27.86680217449258 
12.711674909441486 28.489459069117768 
13.018891575754918 27.537819473504353 
12.055129325218253 27.804582147880858 
12.924454194463522 27.310341041019342 
12.471996263784794 26.418555292666117 
13.466553524894405 26.314363861280665 
14.231892387120995 25.670736309069213 
14.156037842771488 26.66785520273312 
15.148831001434203 26.548014708272742 
14.528901726885058 25.76335701567235 
14.059738574049565 24.880245507412234 
13.544338898386519 25.737195432627487 
12.795843558953504 25.074055381923976 
13.6173432053105 25.64426440591021 
13.829037074442999 26.621600430914768 
12.916641594144842 27.03091020056545 
12.683296961455605 26.058516102272417 
13.354586165948414 26.799711625688076 
13.682816099704214 25.85511376914453 
14.676672053819916 25.744432503933258 
13.782953784137423 26.19306114148968 
12.952762708720604 26.75054009023866 
12.098889610947774 26.230058838991475 
12.055744018292899 25.2309900436453 
13.007661346710778 25.537345066221665 
12.257476069018 24.8761173829438 
12.326638738311873 23.878511987421028 
13.326617890745638 23.872054844256485 
12.90961168305326 22.96315120648952 
11.909934240615499 22.937754138133197 
12.822696542001703 23.346245241057314 
11.957317006909832 23.847362253584507 
12.544505493678173 24.656812487389345 
11.806207406309596 25.33128704894664 
11.751270721635958 24.332797208899645 
10.858541743083213 24.783391228891226 
11.317803352868289 25.671692289217972 
11.678284651458556 26.604458730170194 
10.985505040638198 25.883309362263937 
11.908863064080855 26.26724941037571 
11.251477092456605 27.02080344580492 
11.998992417073882 27.685048008795334 
11.009597864083053 27.539795062139934 
11.963108257370079 27.84115519535868 
11.026695559881734 28.192055836541627 
10.041442099289995 28.02095464311504 
9.60621780590804 27.120632581600287 
10.406411292487242 27.720374512797548 
10.797213822728429 28.640849054736154 
10.2463671723515 27.806242579941884 
11.158608000538308 28.21589691153017 
10.208084442957606 27.905244426453798 
10.255031959366393 28.904141783895014 
9.55661378843742 28.188451866042158 
9.098230639593364 29.07720655033688 
8.365387259114867 28.396809181376028 
8.85835971530689 27.52676426446886 
9.730706409519176 28.015652027761107 
10.66687564048343 27.664102357023392 
11.644028617100304 27.876639554447237 
12.609551609106488 28.136957344671853 
11.61659446406521 28.01848326264766 
11.046014989198628 28.839725652482095 
10.467836298155321 28.023815485108596 
9.815367896618303 27.26599955429444 
8.816498267838965 27.218465727368475 
9.71605058581746 26.781652692742085 
10.704157861200308 26.935418788925485 
9.888434211993655 26.356976978433728 
10.823869767273422 26.710474251292283 
10.458074800074888 27.6411697127469 
9.719154351115126 28.314962388656266 
10.096296890494584 27.388807161391195 
9.754781021498129 28.32868316982188 
8.78383266394983 28.567972298229883 
8.874352629389653 27.572077657287995 
9.703218313355524 28.13152531162555 
10.496395645176788 28.7405160507053 
9.74662691270745 29.40221601882629 
10.709338300230868 29.672746579637327 
11.432510014489559 30.363414858694753 
11.35098030907876 29.36674394653988 
11.720616444301038 28.437567360772707 
12.377795610898723 27.683832962599205 
12.163770682585236 26.707004763753364 
11.820424035369236 25.767796011746903 
12.680703601186368 26.277618597199417 
12.547159343309362 27.26866144752834 
12.13118766081726 28.178039014529357 
13.127867665887537 28.25945748597847 
13.618930155818227 29.1305818347273 
14.016717016186256 30.048059689347532 
14.229743458646773 31.025106123665072 
14.1951258603527 30.025705492342304 
14.435925256256988 30.996280399771983 
14.236446867713505 31.976182625763993 
14.01587699315332 32.95155380148968 
13.785105012260798 31.978545942921755 
12.81541145743345 31.734221548465733 
12.361559024911271 30.843144688989682 
12.153841387486919 31.821333516927748 
11.33794921917158 32.39953760691821 
10.552472610524903 33.0184289522034 
11.110117937360824 32.18834962499542 
10.111580820528749 32.134279057135565 
9.979408355237062 31.14305232251895 
9.529331240166842 30.250062630254774 
10.528178588207933 30.298062373079905 
11.080518716787662 31.131681220252 
10.12011815038583 31.41030417705032 
11.117156514134148 31.33339838263874 
10.871345719985955 32.302716211568054 
10.927573700560412 33.30113416723618 
10.020935483813318 32.87922523875321 
10.707367726812407 32.15203147106041 
11.691311998146498 32.33050743837485 
12.553124116035253 32.83773507313079 
13.435419769935285 33.30843070632608 
12.444631233737304 33.44384886071707 
11.447953672408696 33.525297241573035 
11.842633356850781 32.60647846363655 
12.009882881341136 31.620563864618077 
11.327245255333732 30.889806810899827 
10.475054364686882 31.413037817147092 
9.571745656131132 31.842028932494884 
9.377542223243266 32.82299020933234 
8.459449539819229 32.42662443805125 
7.553946940282556 32.850965152845774 
7.999374144727273 31.955646994010287 
7.628889667634691 31.02680833620505 
7.623626151538993 30.02682218860184 
7.543434344304277 29.03004273754337 
