0 0 
-0.2169447115579951 0.97618389257712 
0.364075965222572 0.16229509602475822 
1.0933181672246228 -0.5219605658584301 
2.093214837375503 -0.5363358578965982 
1.19731808385999 -0.9805981757228621 
1.4731931365734106 -0.01940467007981661 
0.6532148969888407 -0.5917993648558861 
1.6472624007292218 -0.48285185314718715 
1.6232841007423413 0.5168606260835861 
2.5747435201869475 0.8246348503944156 
3.528271229552879 1.1259401896623416 
4.165488900750519 1.896624067470523 
5.16224190410069 1.9771439427338087 
6.120388605186628 2.263421603752154 
5.562719051761668 3.093484655081874 
5.555924681480273 2.0935077370820236 
6.245035342545952 2.81816386022294 
7.048188347572021 3.4139366780969995 
7.379207277987363 2.4703125645291646 
6.399699371059163 2.268906853922102 
6.505288471938225 3.263316699898876 
6.114681462661403 2.3427591708417195 
5.272319842595667 2.881671873457114 
4.3673530544548145 3.307154085026563 
4.930818912165037 2.4810147340724495 
5.85257636742979 2.8687816662157766 
6.835047075293352 2.682364638586674 
7.742722624568643 3.102037245803061 
6.996100565700726 2.4367887950631646 
6.291216885664371 1.7274658801517646 
6.23545902248672 2.725910200428996 
5.728197924914352 3.587702622587416 
6.663850969930709 3.9406238310059782 
7.646119332649399 3.753143529102167 
6.646663853619692 3.7201473863352077 
5.832279464543809 3.139821558175283 
5.430418932770249 4.055522444383586 
5.225953889820058 3.0766485780395216 
6.1930388917995565 2.8221950480064057 
7.189058687880808 2.7330627541154504 
6.59068039681996 3.5342764714138375 
6.212712810025998 2.6084576428446895 
6.944639725630026 1.9270744979002505 
7.651200337901304 1.2194219693335553 
7.044398260520154 0.4245690024988573 
7.999683549798936 0.1288833314095174 
8.996124558219424 0.04459029054634378 
8.795530335539135 -0.9350841236481329 
9.759392053934613 -1.2014871788327826 
9.597064157035314 -2.188224050490192 
9.181374402600596 -1.2787175754950968 
10.180950154159937 -1.2495916953439514 
10.989639803672327 -0.6613561551293808 
10.015512223935424 -0.8873549568870942 
9.134152864380031 -1.3598014399135914 
9.995247101139487 -0.8513560491196032 
9.002034480387358 -0.735043152247888 
8.387022367928905 0.05347450863827852 
7.543444535091611 0.5904814359171859 
7.737339352297258 1.5715037597512507 
8.604759396215025 1.0739271652356925 
7.7627522362474055 0.5344608154387247 
8.391095064836698 -0.2434757435173428 
7.743029260945941 -1.0050600880435598 
7.656163278956711 -0.008840081632803809 
8.282954092565905 0.7703474926874786 
9.265605540731766 0.5848855520701702 
10.118604351888001 1.1067984070239927 
10.71784361469842 0.3062284188865253 
11.610894738037683 -0.1437267912205285 
10.981333597336796 -0.9206777356947595 
10.568326029222165 -1.8314053287103866 
10.677397618655913 -0.8373714317137119 
11.676693419030363 -0.8748934699577565 
11.863160696793017 -1.85735464187438 
12.129471931781115 -2.821241733871733 
11.996962320657179 -1.8300600134189275 
11.278318845198516 -2.525438726913017 
10.531184412186606 -3.1901116833419465 
9.683002576342302 -2.6604065074716465 
9.635024505733139 -1.661558118204976 
8.682459626221597 -1.3572225298799117 
7.703533359534049 -1.5614365460227324 
7.9875834087931485 -2.5202460002501628 
8.29277590959958 -3.4725366793243184 
8.588418661566893 -4.42783525213242 
8.864718056914805 -5.388906864516418 
8.075885468632213 -6.003514989799013 
8.663365361544257 -6.812753752726281 
7.667566085533601 -6.904316856084864 
8.128616802936714 -6.016943070140026 
8.91832999056965 -5.403466842989676 
9.918244258300996 -5.41656100914428 
10.467314599424801 -6.252337151719663 
9.829153845555396 -7.022240296420887 
9.392649735877264 -6.122538033317086 
10.096131761631623 -5.411824983316917 
11.079217873342165 -5.228681059142921 
11.627726248259611 -6.064826119910143 
12.466931376512036 -6.608641118521646 
11.612223776902741 -6.089531381404227 
11.66986410678074 -7.0878687954940505 
10.68465768360065 -6.916496966640261 
11.124702518621577 -6.0185211634187015 
11.098335983614957 -5.018868820935704 
10.700478779444309 -4.101421468173969 
10.560834384114926 -3.111219749909912 
9.565635947745683 -3.2090975934099295 
9.025559438336275 -2.3674816691403437 
10.02449197930017 -2.413674510614095 
9.412124692201147 -3.204247913715276 
8.55835121470337 -2.6836032660703064 
7.572489356871912 -2.5160431357495607 
6.663246078593217 -2.0997780028054085 
6.2858227678975584 -1.1737371589202543 
6.1167191617470245 -2.1593354393504125 
7.037563273941343 -2.5492663576385857 
6.4257326332827205 -3.3402551484259515 
6.692306619999674 -4.304069606506878 
7.515682689431082 -3.736573484680759 
8.514791871073582 -3.694373447267818 
8.727092249264146 -4.671577903571689 
9.455089536225508 -5.357157913619311 
9.263617481449986 -4.375659848292619 
8.330366649333321 -4.016434453375231 
7.3959104220210765 -3.6603564292887025 
8.394452772689078 -3.714330255560518 
7.472574460476424 -4.101809774337895 
7.3963890733854845 -5.098903444357821 
7.850164359193922 -5.990019592785999 
8.369611707621008 -5.1355171339176415 
9.347126051194408 -4.924648198063481 
8.432294135630478 -5.328483023537497 
9.405951240615828 -5.556500220063431 
10.142872666845015 -4.880521809487813 
10.56959095688596 -3.976137211573556 
11.519953644676459 -3.664992933696527 
11.079986130808694 -2.766979244078703 
12.035306523230389 -3.0625514819889235 
12.63107074373 -3.865710864410925 
12.653518529984785 -2.8659628477125874 
11.76068748702205 -2.4155710974305977 
11.717395653301072 -1.416508628346169 
12.717212796081794 -1.3973858408456152 
13.700678261042313 -1.2162900672063846 
12.923755610595782 -1.8458861243915745 
11.98798864161826 -1.4932670951679334 
11.91812358856066 -0.4957106434514109 
12.893140757011158 -0.7178401579846461 
12.10283311055397 -0.1051299296129472 
11.810896533607286 0.8513077500299311 
12.773662555710695 0.58097168753886 
13.746963897659477 0.3514406487647951 
13.613811255203133 -0.639654893454467 
13.915113674805156 -1.5931835254010736 
13.12835476797235 -2.2104439425017084 
12.13621390189319 -2.0853179985264774 
13.052941495283036 -1.6858051457699512 
14.047042646829947 -1.5773482396131522 
15.036061056869531 -1.7251406095203055 
15.92792044149723 -2.177453375260453 
16.67370490792836 -2.8436406834779184 
15.674187119166609 -2.812589275316346 
15.03400520981331 -2.044365920466492 
15.774221090464053 -1.3719966394665013 
16.56524105514287 -0.7602063032568457 
15.667059629302917 -0.3205813195763128 
16.609468174205876 0.01388263138684781 
16.41449225710349 0.9946906614060171 
16.993536205258824 0.17939433116486936 
17.425181417352892 1.0814377951267047 
17.826365612057568 0.16544039233608476 
17.725394524023578 1.1603297527079968 
17.44336813745985 0.20092310415806847 
17.92636095121368 -0.6747012113232661 
18.607368227673778 -1.4069778594613869 
19.335963334404333 -0.722033211735535 
19.246606964494383 -1.7180329301875614 
19.641009884944253 -0.7990953173211527 
18.661052759747985 -0.5998868014964958 
18.895830407682887 -1.5719359031524542 
19.674135075158492 -2.199822711889256 
18.676735697329203 -2.271895460593245 
19.351798102527717 -3.0096560918874324 
20.241536979932352 -2.5531862352323187 
21.167536336670928 -2.9307113222394494 
21.71571674838384 -2.0943512106760975 
21.343534620926167 -3.0225109296905996 
21.038869715558434 -3.974970532738031 
20.639466266534303 -3.058195268615123 
19.948915035705426 -3.781478752182059 
20.225789339949714 -2.8205726071037582 
20.81553026385515 -2.0129801091995456 
21.503098353325633 -2.7391000182654697 
22.279247767343684 -2.1085509820125874 
22.264396745313665 -3.1084406995038036 
23.175082283995454 -2.6953404094580824 
22.65228907362463 -1.8428808742365184 
23.546330957303788 -1.394897492594493 
24.178021221730585 -2.1701183706856364 
24.59362465050806 -1.260572445518354 
25.57089225809027 -1.048562957120924 
26.549605240191088 -0.8433291912164664 
26.480250009356908 -1.8409212180269947 
27.043371912685352 -2.6672950571529372 
27.572214826814484 -3.5160147824895223 
28.21144543375526 -4.285029887120197 
27.598875548726703 -5.075446319107857 
26.602786774257545 -5.163804416510026 
25.730279210868456 -5.6524050221470175 
26.273884990346026 -6.491745689884845 
26.599582856845483 -5.546271787676169 
26.236444828806597 -4.614536432228052 
25.321831939033437 -5.018867066561872 
25.588633701103852 -4.055115636079861 
26.58311403842238 -4.1600387445299365 
25.960175419813872 -3.3777680257591753 
26.467328900041302 -2.5159122678198296 
26.489820793359485 -1.5161652424504297 
26.568943318803395 -2.5130301410035774 
25.568987964519746 -2.503580832062558 
25.10876167623893 -3.391382478589114 
25.32678862875948 -4.3673252268969245 
24.56188242702624 -5.011466905838775 
24.188177660457335 -5.939014612128688 
25.047532335628556 -5.427634575109876 
24.240687244182432 -6.018397639636845 
24.99963168987366 -5.367242260058026 
25.15795652349755 -4.3798551793961575 
24.222758017122512 -4.025731255220036 
25.182413937411795 -3.7445542386384307 
25.23380613949606 -2.7458756909741036 
24.238428167850387 -2.841910546951207 
24.146951812434416 -1.8461032983333778 
23.150774909770796 -1.9334622051461068 
23.92270572818601 -1.2977556599691522 
22.923235118334663 -1.3302902576057722 
22.28416127190753 -0.5611448755011745 
22.029883519865194 0.40598635903543057 
21.399058037018538 1.1819111042209947 
21.335886633988014 0.18390841192044016 
22.231813588333342 -0.2602929978899136 
22.005058533178204 -1.2342448164936837 
22.416880854258938 -2.1455089800926235 
23.29869661250175 -2.617103051847828 
23.169764363091236 -3.6087564565522863 
22.18167535417177 -3.762639887929896 
22.61897044889796 -4.661957962989221 
23.259841606541308 -3.894309502233336 
23.47508238634716 -2.9177484919996854 
23.18793884300123 -3.8756360561296015 
23.778036496313778 -3.068304179170054 
23.35075127909536 -3.9724210649467824 
22.689204334408938 -3.2225173111382954 
22.072634169544727 -4.009817274176096 
21.449310327136182 -3.2278534722740844 
20.731058771584028 -2.5320699549736876 
20.424185734037486 -3.4838204153502286 
20.874581250172987 -4.376649558604993 
19.89017828083625 -4.200721181243594 
19.83717092748403 -5.199315303242414 
20.72876122158219 -4.7464723420848385 
19.95384968275895 -5.378542043145253 
18.97603789907402 -5.169056684022255 
19.947927262565024 -5.40449471224423 
19.970127760353275 -6.404248250821591 
20.83462185574121 -5.901605277092332 
21.742592521450497 -6.3206390110702 
21.061547319329545 -5.588397635110038 
22.060754832802893 -5.5485938034049305 
21.168134821314837 -5.999403647009818 
21.66212032425478 -6.868873786166519 
21.309822680935135 -7.804761797902658 
21.348991501578258 -6.805529190603723 
20.725885603976252 -7.587666672363547 
20.033514183668725 -8.30920795069857 
19.336079071992096 -9.025855887275943 
18.664749164639105 -8.284697229839207 
19.436123398606398 -8.921079026539404 
19.17967002519931 -7.9545224232987435 
19.439564925312734 -6.988885513847249 
18.7311043603653 -7.694635914424085 
18.469415146388048 -6.72948372161304 
17.497354618546517 -6.494753386520951 
17.169154720747 -5.5501450935844625 
18.16898102153674 -5.56878291129732 
17.373203978128895 -4.963193201027182 
17.13586597753804 -3.991766068672143 
16.46275982171055 -4.7313119448604555 
17.462630933975227 -4.747366815105729 
18.36405938501931 -4.314438706006467 
17.36968601284555 -4.208506667832086 
18.185472558688634 -4.786859770721149 
17.352681985818165 -4.233271600925158 
16.95954303331094 -5.152750673020614 
17.7835282050366 -5.7193620361049025 
18.492483641704847 -6.4246153160111605 
19.209776392052387 -7.121387237301665 
20.20909197591965 -7.084395835056975 
