0 0 
0.5339288979302197 0.8455293797113268 
1.1949038149859619 0.0951213846691934 
2.1816673945291827 -0.06704408047998595 
1.2601861614458958 0.321378803855251 
0.3655864392331357 0.7682471703982998 
0.9476650463841406 -0.04488534961129009 
1.9464439354024883 -0.09428910302411392 
1.2752613788887408 0.6470029958354855 
1.9255431487108337 -0.11269011314803479 
2.0578241241069493 -1.1039023727313455 
1.8448083261078818 -2.08095112781106 
1.0962536421771294 -1.4178780661011672 
1.694317163287161 -0.6164293623668166 
2.6004474625194742 -1.0394280394488595 
1.9292947571465027 -1.780747165109692 
2.799643658974066 -2.2731827335727695 
3.505378886179327 -2.981658413523421 
2.9620727668207616 -3.821193082651228 
1.9902560613304368 -4.056930841463709 
2.694248243969914 -3.346723120594311 
2.0172589573701263 -2.6107302498210196 
1.069955488517508 -2.2903927123706045 
1.9493852005283676 -1.814363951020519 
2.6189775300696123 -2.557092779207179 
1.8986005025685682 -1.863510096141375 
2.533529976518738 -2.6360801985329707 
3.5334475285139715 -2.6489211179649876 
3.5885250097686763 -1.6504390344709283 
4.470987203836773 -2.120822363300214 
3.8223084303418036 -2.8818846792882424 
3.07973986719821 -2.212114622454661 
2.295514900001038 -2.832591214136083 
2.874273236151304 -3.6480903179593644 
2.0490396877738757 -4.212881952664057 
1.1766908631131066 -4.7017659144719435 
1.8775720456681575 -5.4150439583932695 
1.266160086850811 -6.206356422983039 
2.25024025581878 -6.384081550761789 
1.2537134276114625 -6.467353879077162 
0.27272521162005237 -6.273286570944158 
-0.7209618063937017 -6.385474405538348 
-0.3443326056013652 -5.459110305893653 
-1.241485957557688 -5.900829518825958 
-1.309820612498176 -4.903167063416232 
-1.8730880079970897 -5.729441740002578 
-2.0994417800961105 -4.755396581985485 
-1.1509004826914198 -4.43874313242615 
-2.1418982352897755 -4.304864626514978 
-3.061788160041178 -4.697041278472816 
-3.608090453744804 -3.8594531912281624 
-2.612029495858138 -3.770782067552545 
-3.5660390229296905 -4.0705583545679 
-2.6575759627674387 -4.488523506608876 
-1.7564981284628172 -4.054866111278307 
-0.9292557803265621 -3.493020850152065 
-0.050906994841132924 -3.015000546152045 
-0.9625197924330803 -2.6039505403539875 
-1.6914512198069862 -3.288537258152865 
-1.510051254987418 -4.271946660570525 
-1.4161275483359699 -3.2763672627679927 
-2.11527991069228 -2.5613945540499667 
-3.059858177858561 -2.889680857750176 
-2.880735644376696 -1.9058540853969135 
-3.4688672411757633 -2.714619332453548 
-4.369607581170524 -2.280261369586373 
-5.06733466555925 -1.563897693992469 
-5.403327043847609 -0.6220329894132324 
-4.965664750118011 -1.5211724205624546 
-5.387548870042588 -2.4278221816915604 
-4.566824281285023 -1.8564981498070905 
-5.492247675303991 -2.235432895907806 
-5.868607663067919 -1.3089593886717186 
-6.432185421231152 -2.135022407153786 
-6.085561857614134 -1.1970180867237363 
-6.529960698904964 -0.30118904619235953 
-6.674403816392092 0.6883240592340415 
-6.622617996900049 -0.31033415502123496 
-6.165366585288194 0.5790033211816775 
-5.230432372630869 0.22418221413923017 
-5.805120787419188 -0.594190088610618 
-5.074211282819267 0.08828430364560269 
-4.540509097252882 0.9339568035660296 
-5.021869942333183 0.05743427857104744 
-6.000993005239375 -0.1458340851385956 
-6.0173027896468305 -1.1457010717586071 
-5.060518074408029 -0.854903876645921 
-4.196133632334606 -1.3577353954486069 
-3.216849826746978 -1.5602279338637624 
-3.3446212063145824 -2.552031581045699 
-4.277702051398829 -2.1923648790327537 
-5.044922027876393 -2.8337489353467262 
-5.940270869379639 -3.2791144616493293 
-5.503243267642473 -2.3796663668045737 
-5.067239276054531 -3.279611098062767 
-5.430677362527983 -4.211229451950514 
-5.2284350301869615 -3.231893943041915 
-4.847570850949388 -4.15652493807382 
-5.517882034582579 -4.898605066561486 
-5.476390123938759 -5.89774390643867 
-4.923623173295784 -5.0644080208097915 
-3.9418797932748233 -4.874197779799957 
-3.0652591563317992 -5.355379927105535 
-3.446092536394791 -4.4307362462047255 
-4.400460821582477 -4.132104070731426 
-5.181434279870432 -4.7566682847637 
-4.385959568952 -4.1506814991905845 
-3.3987939594954737 -4.310381403718813 
-3.421825186798423 -3.3106466576141673 
-4.250096444520655 -3.87097399375906 
-3.8057840740963105 -2.9751020623492743 
-2.868568509680052 -3.323852669253283 
-1.8751413870126616 -3.2093862901335193 
-2.8374990225491605 -2.9376000113691214 
-2.844114478157923 -3.9375781290032466 
-2.109420614442699 -3.259179332852195 
-1.1294703542119269 -3.4584216161999874 
-0.8729771075554082 -2.4918755932814727 
-1.4813046954592766 -1.698189543388279 
-2.480979875004462 -1.7236755277973914 
-1.7938772060936676 -2.4502358641602178 
-0.7940187531493764 -2.4334110587869433 
0.08729939536320797 -1.960887703700287 
1.0859526068885375 -2.012769907876145 
0.7368512708577003 -1.0756849292421449 
1.6812708362590598 -1.4044275101274128 
2.4669592940017133 -0.7858051314746758 
2.8496295420592705 0.13807986204538758 
3.470896466014857 0.9216788725084966 
2.4746251740115275 1.007954667086215 
1.4856992952346717 1.1563649304962085 
2.430015121200392 0.8273244757939344 
3.3193392286652603 1.2846018881836296 
2.462872649434524 1.800804366539556 
2.2626656084648022 2.7805579788044703 
1.6076547571493047 2.024938507999921 
1.9928414122463574 1.1020998218065299 
1.987104243740807 2.1020833641198715 
2.4880013512542503 2.9675902027321763 
1.5521104152736769 2.615300327843036 
1.6992630220879272 1.6261865273591023 
2.3793248903473434 2.359341255461917 
2.018096484062411 1.4268638892525018 
1.3826823506732708 2.1990354240097267 
0.9069186480869561 3.0786085587184675 
-0.061189973861762725 3.329139387377442 
0.2237519543091463 4.2876841685797835 
0.010970892034602497 5.264784071116528 
-0.1932564355514208 4.285860581426414 
0.34111206901298385 3.4406089612980635 
0.06850628589315333 4.402734777919582 
0.5555513793157183 5.276111602075687 
1.2943413248591886 5.95004736783076 
0.86696863288685 5.04597182775885 
0.34939483845270003 5.901610400589129 
1.1530722008767578 5.30654511246764 
1.5695547697688055 4.397401411060057 
1.686832816347569 3.4043022922452892 
1.6344095978234228 4.402927249954423 
2.596469786823949 4.1300899490949705 
3.5800908742842514 3.9498413532518626 
4.5298493630762335 4.262825079614065 
4.378870808647036 5.251362117919899 
5.2554368551975665 5.73264370497136 
4.3368163496300545 5.337502759546959 
5.335905417719692 5.380176334787133 
6.279876624475906 5.050148516542646 
7.07455701105183 4.443120442075295 
6.6902112946116965 5.366309680668402 
7.3673488609142606 6.102166131548492 
7.686518094275067 5.154468394674611 
8.556786520835093 4.661890618346105 
9.5369727071371 4.463812249555544 
10.328367279437368 5.075117926720148 
11.098632421328618 4.437394153298417 
12.09683114186492 4.377399867573107 
12.173445762377082 5.374460648029232 
12.040466153246575 4.383341874341892 
11.988451874756779 5.38198821556244 
11.041547348911953 5.703503096920344 
10.294386402825516 6.368146249779998 
11.23657327595751 6.033058356686621 
10.749895262130089 6.9066397844064396 
9.811499934020896 7.252203393866176 
10.720190139350631 6.834732304163183 
10.205235584782258 7.691949783411763 
11.054187148847925 8.220420446618776 
11.114220196539007 9.218616836706879 
10.186996181822067 8.844109658495032 
9.190669469413574 8.92974307569465 
10.171710140279577 9.12354504190445 
11.163394410769733 8.994850412403416 
11.736878787915442 9.814066909533326 
11.432928877618487 8.861378895527443 
11.7160605680772 9.820459937910197 
12.255281815152436 8.978295793160122 
11.289533532575803 9.237776533679114 
10.813748946211458 8.358214695387963 
11.812303268244545 8.304462802872042 
10.818176693737469 8.19623917394182 
10.030258556637444 8.812019174614807 
9.214487281808372 9.390393817181156 
9.467183815754732 8.422848230796982 
9.55935239058859 9.418591648456921 
9.866263469138582 10.370329842427974 
8.970608444065627 9.925580389295579 
9.715252737966347 9.258118873130716 
9.186099565282293 8.409592550711428 
10.02636540619286 7.867417932531219 
10.691781688835952 7.120945447577187 
10.211140984806738 6.244027826799556 
10.293421462553727 7.240637039571406 
11.214604065542648 7.629767624273452 
10.979580483826547 6.657777955584872 
10.326585708170173 5.900415543680584 
10.078476430927054 4.9316834927264015 
10.891383232459775 5.514077287354952 
10.19699186317167 4.794479742710593 
10.92212087238533 5.4830927835374546 
10.067729203948687 4.963463226154456 
11.046662294112602 4.759281921961032 
10.234855072457753 5.343207460766309 
10.555296675607064 4.395939188854333 
9.59570615693238 4.114539052980788 
8.966373123909959 3.3374033289616185 
8.986663303487262 4.337197462077392 
8.244730937449042 5.007672192566863 
7.690547177402721 4.175277838849274 
8.193911634140369 3.311203638509272 
8.251526075238461 2.3128647300333203 
7.747616227624966 1.4491084765230235 
6.797712388607454 1.7616507882502415 
6.640194450122983 0.7741346622778085 
6.094782551750164 -0.06403349573904127 
7.051948042965574 -0.3535748959331489 
6.4302421601092465 0.4296758909938955 
7.406958785923906 0.21514236713986634 
7.497523820507403 -0.7807481762989646 
6.585054054938839 -0.37160403675490306 
6.306689279070351 -1.332079466714299 
5.6452913805067055 -0.5820442543571765 
4.646063781819575 -0.6213406412388117 
3.918259564567887 0.06444432604368688 
4.39554044144386 0.943195123806342 
4.289631304568158 1.9375709354219723 
3.6075765072137758 1.206269866500374 
3.428922096721289 2.1901817536181087 
3.4246411714281595 1.1901909168207736 
2.918697739653763 2.052757577342931 
3.4727118276137947 2.885264868807585 
3.398959714264071 3.8825414732541392 
4.0275615696857106 4.660268743806273 
3.328190573627815 3.9455098964507567 
4.306318438342201 3.737505376621798 
5.264800274629353 4.022658965951492 
4.459341501997577 4.615310774006199 
3.96099985387023 5.482291512974325 
4.394228265773489 6.383575676332242 
4.328135057203452 7.381389129729678 
5.109002955648099 6.756692943428977 
5.98820063720593 7.233150115421734 
6.970936417687112 7.418164670962756 
6.132107342906908 6.873769792861035 
6.915193606598685 7.495682892592221 
6.393085655149922 6.642803483159694 
5.393231393487415 6.659875549095675 
4.536299072330827 6.144446604470732 
4.519680581342323 5.144584701127443 
3.5353936901055034 4.968008044291501 
3.0578115047277983 5.846595123760495 
3.051218358673084 6.84657338873684 
3.790529983542248 7.5199368279977765 
3.7454436523229435 8.518919922317787 
4.721074485159971 8.738338422034033 
4.477665778919417 9.708262234364826 
3.49780090435633 9.508600451347979 
3.203383198296763 10.464277287082016 
3.922436484496953 11.159232229221942 
2.9398910764714317 10.973209324266769 
3.158385911485308 11.949047429216693 
3.288010742238675 12.940610540295438 
2.306405229206403 12.749690094075943 
3.115683060031785 12.162264019974218 
4.049505908345023 12.51999979952129 
3.4167399444890574 13.29434289853195 
4.412069120671963 13.197803626527966 
3.7007205982641787 13.900643067416325 
2.7175826120923077 13.717777816081039 
2.076663273005304 14.485386050002665 
1.3411242523463 15.162868410723586 
1.1711135176682546 14.177426200295075 
1.8963449578664067 14.865931362329547 
2.0938418681668374 15.846234871668255 
2.9829096872444545 15.38845936655623 
2.0340406642079625 15.072789321854847 
2.2954005658445396 14.10754790033559 
1.443855685616369 13.583266185074423 
1.8897696891483782 14.478341992732107 
2.782865560243877 14.928208378487001 
3.6955123621104935 15.336957464165046 
3.2554990407877233 14.438966218629487 
2.325861102270546 14.807440509821603 
2.824881141813405 13.940850064377711 
2.7026519307628276 14.933351963603075 
2.6885566462025245 13.933451307061054 
1.6888805918116216 13.958902952929972 
2.684093031755034 14.056638306727253 
3.605292798288466 13.66754835550935 
3.8486610582625858 12.697614393820633 
4.848231225073794 12.72693131079727 
3.8494721885371037 12.677127827622863 
4.514980086803637 13.423518635005204 
5.264767126439691 12.761839411216362 
6.154258871166112 12.30488817085964 
5.765618438055311 13.226277672509973 
5.361423393227497 14.140950491465823 
4.396475782809816 13.878507908889736 
3.6483498268111405 14.542064653984735 
2.9865345354997204 15.291731593489459 
3.7980522670512062 14.707403799030278 
4.031502729900461 15.679772495253818 
3.509588260937052 14.826774671641916 
2.596191683264724 15.233845540037677 
2.152267046087236 14.33778141481737 
2.4101953479088474 15.303945474964205 
3.334730885261791 14.922849633775268 
2.471515750638164 15.427685875894149 
1.987271686875199 14.552752914627785 
2.0261410134267965 15.551997216814906 
2.8125793615972565 16.169665999033107 
3.590954341217977 15.541866356551173 
3.1011821472765866 14.670015911783358 
4.000430016788221 14.232576465483888 
4.791228381752955 14.844653213914265 
5.216743814288668 15.749604382029952 
6.210045123980215 15.865157435494833 
6.372960989012768 16.85179740069019 
6.720986554765889 15.914312357832323 
6.17509058143236 16.75216532005078 
6.426756843870558 15.78435124061693 
7.014430459099505 16.593449332299105 
6.020924057336345 16.70722555853121 
7.003551762094307 16.892813257051614 
7.729292844836152 16.20484532115584 
8.26372382438215 17.05005744133722 
8.920423454500531 17.804209677826897 
9.080145567221322 18.791371694269998 
8.481337530736445 17.990479107563687 
9.383794717058606 17.559699550417008 
8.575376225197731 16.971091410805105 
9.532098458521954 17.262094105402788 
8.893939496317572 16.49218947562178 
8.219591449810036 17.23060312133228 
8.45566152121993 16.25886708650362 
7.500754546159285 15.961961935014923 
8.499967110141402 15.922285090630794 
8.199785585287433 16.876167186141735 
8.91285137143733 17.577264315377356 
8.489370206678402 16.671359406960132 
9.411618843894356 17.057956679523343 
8.69768077537032 17.7581655300188 
9.154104869833226 18.64792788368056 
8.170615871283303 18.466959959088193 
7.1740449470247025 18.549702891852018 
6.1828253927597085 18.681929194994424 
6.719199130557913 19.525909771429916 
6.525196718259442 18.54490871943131 
5.551711050840637 18.773656736537824 
5.204070686651353 19.71128468897223 
6.157705453286354 20.012251019090748 
5.579745260649961 20.828315977122706 
5.644509387598745 19.830415376932205 
5.22038523709879 18.924811321639446 
5.966321193533894 18.258793642521805 
6.585643383723856 17.473656696035203 
7.5645072560857205 17.26914381285975 
6.9109608311292305 18.026030244516832 
7.779966358827163 18.520832622068152 
7.226982413554974 19.35402453049694 
8.2229349146157 19.264143411061944 
8.076784904329635 20.253405850707452 
8.143333758520702 19.255622682876957 
7.237125823981034 19.67845501297643 
6.6401558550618685 18.876191430225315 
7.556738879475936 19.27603584916343 
6.7729469432262315 18.655012338602084 
6.380444825489738 19.574763439483387 
6.326923268383603 18.576196745203564 
7.296514817758612 18.331467859739323 
6.9779066587796645 17.383581347000565 
7.793292490819068 17.962499255610595 
8.714637917483774 17.573754345979573 
9.702352702221539 17.730021757842792 
9.219397763853767 18.60566696425129 
9.656574610287205 17.70629140035014 
9.756864487094992 16.711333139612595 
10.754779839635283 16.64679672226248 
11.46397469462453 15.941784199212867 
11.481379037241984 16.94163273217076 
11.357404254544567 15.949347363310004 
12.29510722248422 16.296785334633185 
13.232482031971248 15.948462974542482 
12.413981368497698 16.52296855666798 
13.36159394167181 16.84239055209462 
13.867806514620483 15.979981814320771 
12.943052026274895 16.360546048432028 
12.48696409128708 17.25048076264344 
12.02110277579563 16.365623014342294 
11.048197270856992 16.596826125177973 
11.684112782226357 15.825067443723828 
11.276630226543064 16.738280434659575 
10.4293252083599 16.207173848217995 
9.439103731573072 16.067669629965962 
10.083380879263396 15.302877529481119 
9.468921975081281 16.091826358665443 
8.783592273133785 16.82005928817945 
8.532022214034997 17.78789837881644 
9.529559588263805 17.85803529503534 
10.446205899814883 17.458335983652642 
10.932769470298318 18.331981158697072 
11.104240506372411 19.31717032012125 
11.190729887796273 20.31342309271509 
11.984829600320065 20.921210593877817 
11.332614134236907 21.67924422492721 
10.660799434293189 22.419963476020044 
10.395397879564229 23.384101440601594 
9.44333758293656 23.078191009943808 
8.88336594050712 23.90670278395482 
8.46627003830639 22.997840303506123 
9.009315075709509 23.83754387462622 
8.009662886630187 23.86391622508877 
7.352166555013742 23.1104584798164 
6.820284232497507 22.263640202383318 
5.977583763430838 22.802022891030358 
6.960438772230934 22.986403019234462 
6.013460274001913 22.665106078863243 
6.808586291175897 23.271550319344623 
7.624738321552204 22.693713090263085 
6.6328714822551005 22.566433189639408 
6.454727906042471 21.582428684439268 
5.459817713477801 21.481663071599716 
4.678458870972855 20.857581058368016 
3.737516740290142 20.519013625341334 
3.7974362968743334 19.520810416200653 
2.94842217140453 20.04918056557772 
3.9478125298938282 20.08409347663699 
4.946726698034089 20.130681937532913 
3.9504697251970735 20.217122923607956 
3.184644195362634 20.860171333802555 
2.4026265813232817 20.236915005048328 
1.6850067193192588 19.540479987507332 
1.0444750227562971 20.30841171995376 
0.44025874489850136 19.511591357781914 
1.4373854872597605 19.58734265920983 
1.7412838047425823 18.634638186337416 
1.8317937854805666 17.63874263790535 
0.9518743918444371 18.113865633247634 
-0.03941119409947713 17.98213527569923 
0.6733331564333511 17.28071137335234 
1.6467445298509946 17.05164741263137 
0.6674577095110711 16.84916945455069 
1.5549743926299011 17.309945036787585 
2.5276060410424885 17.542297520110257 
2.189730787895616 16.60110661848034 
1.370584408313556 17.174691144786276 
2.347834133230227 17.386783047390526 
3.3474587022773905 17.41418233492274 
3.830982136805441 16.53885091867961 
4.817037213535482 16.37243161194234 
5.459056827314666 15.605743399222966 
4.543009236922437 16.0068129843782 
3.7682967022581972 15.374499384465855 
4.596983421075233 14.814786670606097 
5.362469854130803 15.45823870518821 
4.75601157108443 14.663123398503421 
4.081660585389043 13.924712436984255 
3.8155869657119816 12.96075972605288 
3.4075159360589145 13.873709908022239 
2.4401255518712186 14.126999948452537 
1.4470580153967885 14.244545122749939 
0.4496735541358696 14.172266243156612 
0.19318413051126682 13.205719205724538 
-0.6752593593340341 13.70150737111911 
-1.6750701999906874 13.682057874841918 
-0.6800644972316254 13.582239782909918 
-1.6785414671517784 13.637409888393503 
-1.308550066608139 12.708374709552704 
-0.3553131813989452 13.01059886589477 
0.598167572522105 12.70914496908442 
1.570695456049763 12.941931385701057 
2.485166703712871 13.346582268805838 
1.5410637277327146 13.016931588925738 
2.255966617593278 13.716155342862212 
2.397687960319328 12.72624875079611 
1.5724248481354053 13.2909971865341 
0.9617214847119676 14.082856644962993 
1.9152648854244638 13.781600967908355 
1.032964006652491 13.310915128607656 
0.613158626294136 14.218529277143352 
0.8743137528983058 15.183826122599898 
1.85063026370054 15.400173229663872 
2.7449513496611218 14.952747486991095 
3.357994090431014 15.74279723098785 
3.251280144476449 16.737086994456632 
4.0897589458564205 17.282021210336318 
4.0147334792552565 16.28483959229411 
3.0720950734999377 16.618655164122433 
3.7247214898707006 15.860975310453975 
3.0856662403871375 15.091814476747851 
2.6464050392006757 15.99017386871313 
2.5658389558594314 16.98692313819621 
2.155027981406103 17.898643678311824 
1.3193154246658998 17.34947656120925 
0.5917302962213292 16.66345915555084 
0.6309431693762448 15.66422827603453 
-0.36312536832516684 15.772983700506954 
0.07683956558287391 16.670998654130386 
0.37184146921372857 15.715501989115708 
0.20059811648715214 14.730273226773194 
-0.7680675269677852 14.978641645035324 
0.07617743397728649 15.514599148872014 
0.5397982563782944 14.628565440124873 
1.5368558540020207 14.705221470682186 
2.167673094216798 15.48115291704057 
3.029563556555239 14.974058418026797 
3.4315713668878387 14.058422179976123 
2.7904023460728618 13.291022488324398 
2.6378801534701943 12.302722442405308 
3.146744475558765 11.441875707088656 
3.623753524014232 10.562977324059304 
2.628225571403718 10.657444755331243 
3.3484729911308517 11.351162027983731 
3.3981625572055094 10.352397317442097 
2.937274522327195 9.464939025855385 
3.460978950083934 8.613038989261897 
2.603361640939923 9.127327382147236 
2.285536856573655 10.075476846336578 
3.2439940374629814 10.360713296324452 
3.9751570594149364 11.042916078003099 
2.9752049757779364 11.052705379817953 
2.258007361609142 10.35583553384197 
3.171499767866308 9.948979756310802 
4.1022252990745125 9.583261305098388 
4.910804628601757 8.99487412996515 
4.753424693613017 9.982412258881162 
4.4138497886841765 10.922991274138557 
4.4450660403472675 11.922503928201579 
5.000760524969036 11.091117351595397 
4.027631065813428 11.321376022927259 
3.6041464889488353 12.227279336287916 
2.7140696262742128 11.771468872902858 
2.262302794889975 10.879332823826797 
2.7262671388338435 9.99347894899826 
1.7323970542531375 9.88292464118739 
2.4717933476328198 10.55619510789181 
1.9244481357343481 11.39310204358527 
1.8351746583183213 12.389109195281506 
1.9823346617672553 13.378221895323776 
1.2841156366419266 14.094106098916114 
2.27505252225715 13.959777811771515 
1.6756039551124635 13.159364533928011 
2.4866680584243146 13.744321814692121 
2.6107064257209807 12.752044392073639 
2.2253403624787964 11.829280610111418 
1.2261103304098764 11.790046148071715 
2.027723360563714 12.387889396664173 
1.0466445177276347 12.194280760133104 
1.341536148524661 13.149811464027998 
0.55794366537019 13.771086620737012 
1.4510143870772714 13.321170310708588 
2.0553442773845734 14.11790450959876 
2.5802290813576434 14.969077783708181 
2.9659166288505623 14.046448326282885 
3.9511923682103327 14.21742118210818 
2.953915279199386 14.291166742882051 
3.600410300257299 15.054084948030761 
4.524971911841251 15.435117527195962 
5.485811134950908 15.158011072319805 
4.689066595733132 15.762327329942131 
3.7418648548605704 15.441689119355823 
3.2048998300517813 16.285293625111983 
3.0077658321191088 17.265670178717322 
2.0182809869046037 17.121033595893934 
2.998633148756719 17.318288858819628 
3.380909741805338 16.394240912873563 
4.378542509127005 16.32547419442551 
3.758606192822163 15.54082206530944 
3.4947230287818747 14.576267413806434 
3.5177578132691503 13.576532749656177 
2.7073136429102287 12.990716868400607 
2.0803723755470953 13.76978339141203 
2.9649106605398514 13.30331579084145 
3.963987951908072 13.260367381414094 
4.799625647647469 12.711086359113713 
4.455633747365745 11.77211374367673 
3.991769295641532 12.658019929695653 
3.1066717095148952 12.192614447311957 
3.1357672638771774 11.193037812572854 
2.9609250816127095 12.177634283875182 
3.959733931101409 12.226428568202971 
3.118018660329448 12.766350231918445 
2.1880174301439412 13.13390663827459 
2.200847746895738 12.13398895017619 
1.6013584070148852 12.934371690725497 
1.0441764302651055 13.76476210780966 
0.18732852360022634 14.280331370706522 
1.098572130694035 13.86846356602805 
0.10739401570582108 13.735926988554468 
-0.18294935777160654 14.69284951701628 
0.810525325259829 14.578796660078854 
1.6677789811657897 15.09369098849573 
2.3116363392062658 14.328545445153068 
1.3283831779111013 14.510790392416538 
2.2174165943887614 14.05294807852882 
2.7067606234698856 13.180857245414142 
1.711016329953483 13.0886981333876 
1.0466859539964974 12.341259071268922 
0.2991359129954895 13.005464563717902 
1.289505466106787 13.143913645586036 
1.210914683570423 14.140820606591085 
0.21329547363306556 14.209783726908851 
-0.7467310470624003 14.489692782784788 
-1.4113609405181249 15.236865523672083 
-2.165778404683191 15.89326044272825 
-2.6609433146837684 16.762059448197363 
-1.6978518351700491 17.031233745053648 
-0.7274875387588776 16.78958703547445 
-0.47170836756583673 17.75632227098819 
-0.003050419961344142 18.63970199010514 
-0.1609452057460486 17.65224604849458 
-0.4940162549798235 18.595147780470032 
0.3923065609588521 18.132079895655576 
1.2587768098393362 18.63130860857681 
2.2577421528381554 18.676786553640888 
1.5638193886705207 17.956737112720372 
0.6795660052045298 17.489729667566714 
-0.1989683280384752 17.96740887510381 
-1.1065328409303423 18.38732155047733 
-0.699077398656689 17.474096461815407 
0.260234834324639 17.756443835899844 
0.2858065092563008 16.75677084464661 
1.1482725356877976 17.262885805156042 
0.3268600115876058 16.692551284675865 
0.5852311599652169 17.65859701324467 
1.5256534957740486 17.998605587124594 
2.4701749623050615 18.327055277735052 
1.6991316468402178 17.690272578789028 
2.6835598944077783 17.866059453700274 
2.6440430984653274 16.866840547334686 
2.6506380965295224 15.86686229457089 
1.7127341599059354 16.21375738774169 
2.711646332930232 16.260388606725098 
2.2474703403089706 15.374645614726816 
2.7591613688126087 16.233815150586235 
2.3313633812989503 15.329940777744929 
2.1101529538954082 16.30516687809702 
1.2186232887146358 15.852204566085678 
0.39435403203552233 15.286006550817467 
-0.5552891050828941 15.599340098532824 
0.05921693914333748 16.388252211261122 
0.4928323045643777 17.289350271890918 
0.11270549242317213 16.364415892223168 
-0.1516517476360879 15.39999106382634 
-0.5953361981238079 14.503807986327434 
0.3507663411215728 14.179940752366598 
-0.6478331325168203 14.232847191002403 
-0.670711758348293 13.233108941018907 
-1.5303530542731982 12.72221086670217 
-1.2868452227606229 11.752311935889251 
-2.042900220468253 12.406820026321535 
-1.2692506549140588 11.77320630352364 
-1.3447884290772747 12.77034924446765 
-1.4207149115435573 11.773235826014012 
-0.6548336923659107 11.130253743751247 
-0.8333478326119172 12.114191090197773 
0.03387191091455777 11.616265476839839 
0.37835532622922097 12.555057880182103 
0.3593497769223098 13.554877258417763 
-0.6271724110110346 13.718504801072438 
-0.4642361641107989 12.73186820158605 
-1.3595272666807874 13.177349785558961 
-0.6424827273178126 12.480322434180453 
0.35451608538908774 12.402905591949379 
0.7523040826689789 11.485428230255886 
0.1492305963642364 10.687742596615513 
-0.8353207979159915 10.512646759940681 
0.03619268774067452 11.003018296959876 
0.6673695672613358 10.22737936887635 
0.768206066712533 11.222282379414779 
0.40222845318862926 10.291658724869425 
-0.08197687591847225 9.416704326478124 
0.21161664870045577 8.460773972162583 
1.2111741366157998 8.49052003664794 
2.165112766356616 8.190518218839758 
1.8854090209116263 7.230431860857287 
1.438408490044276 6.335898169259085 
1.7285871430470512 7.292870660682687 
2.705373630072631 7.078655444686655 
3.606356448406133 7.512510214244188 
2.653338773205827 7.209595522035632 
3.6156030599145144 6.937478924737669 
3.1595071282609273 7.827409540644913 
2.1964053161295993 8.096546865201267 
3.056842289062493 7.586989983577558 
2.387260320259265 8.329728152149494 
2.9369278135723356 9.16511168490252 
2.5896924387538687 8.227333675736876 
3.5441592423025012 7.929016527514291 
4.2594422443331785 7.230181620682941 
3.4764112638836537 6.608198917019683 
3.781536657975782 7.560511100014379 
3.177079020766858 8.357148385621702 
2.5448156853440476 9.131901943006257 
3.390773415136551 8.59865198341478 
4.3904020019824745 8.625904292682481 
5.073506470889158 9.356224965099548 
4.112075546677728 9.081178463631241 
4.549851520799172 8.18209437608324 
3.6806749961515575 8.676596316424726 
2.920882636646602 9.326762118692034 
1.9427986244928714 9.534972745628465 
0.9685483786651743 9.760442163742479 
0.18764645115483192 10.385095811463064 
-0.7186525038031241 9.962458609785175 
0.2220285405860164 9.62316644552706 
-0.4749773825411856 10.3402318143224 
-0.4092395122649157 9.342394887559545 
0.5336217474220721 9.675580488961325 
-0.4635612308580187 9.600573103801942 
-1.3926879735984932 9.970334507851197 
-0.42760984155947246 10.23229671707244 
0.5573320966349975 10.405182165811544 
-0.40172892801949434 10.12198267607211 
-1.1581939344822962 10.776016844902173 
-0.15825409160818582 10.765048224528607 
-0.0884112023329362 9.767490220792642 
0.8401695932586383 9.396359912061977 
0.3180611894678643 8.543480779540229 
0.35951707443772046 7.544340444251253 
0.8578613347062082 6.6773612067504615 
1.4534010062056626 5.874035307958246 
0.7344842495279176 6.56913148617242 
1.734342742656751 6.552309069041154 
1.2765744412481927 5.663237540858228 
0.3201893856968404 5.37112861337049 
-0.02989979065443582 4.434412237618638 
0.9587903400447516 4.584384986670003 
1.3096791554778018 5.52080211552017 
1.924905796204712 4.732451825014813 
2.1684055142657517 5.702352792796676 
2.425762465659271 4.736036385210923 
3.3277072002357935 4.304184911009797 
3.3085834962397063 5.304002036260945 
2.320176807171832 5.152172470609578 
3.2218149016295303 4.719681145121204 
4.14785130149851 4.342246930829893 
4.911428883927618 4.987963026038707 
5.511526172755871 5.787890050173397 
4.74613972738413 5.144319083425199 
5.743930187473011 5.077879654201137 
5.159996669161905 5.8896811362106325 
4.275025581548243 6.3553271112688225 
3.5497987084690474 7.043837084009794 
2.5497998214685746 7.0423451061897415 
2.6668736166923686 8.035468324361533 
3.666708685880713 8.05362966850612 
3.9254294005121695 7.087677500010916 
3.032919525581466 6.636649648153427 
3.0870649511701704 5.638116587665284 
3.9413776593045395 5.118357223420521 
3.1602649597414945 5.742747286266921 
2.5713003612756036 4.934588451783307 
1.7465373687000674 5.500067015548412 
2.7339570114657854 5.3419453880573515 
3.0744956758043527 6.282175901330827 
3.1297460299895326 5.283703368727946 
3.8833093183939393 4.626328003834237 
4.0881865351073765 3.6475403220197613 
4.502245243293718 4.557790499814338 
3.50672450387815 4.4632470844249985 
2.5129406937092584 4.351919915026868 
3.381133952199547 3.855693690496146 
2.747378466060474 3.0821602498559706 
3.3285037631163585 2.268346150001643 
3.029624552172538 1.3140551999944665 
2.04433188601494 1.1431799179433393 
3.043901624077357 1.1138483862780533 
3.0159212768604453 0.11423991283976698 
2.7481257721494403 -0.8492358614569083 
3.6923582038189275 -0.5199561703377515 
4.613026732440197 -0.12961086114812415 
5.5794389230808985 0.12738617731932766 
4.7736204242471825 -0.464776424452666 
5.638190973331715 -0.9672878826858795 
5.233838194451245 -0.05268478285970779 
5.209090475730933 -1.0523785111676034 
4.215505194613198 -0.9392931931718916 
3.4256429116604132 -1.552577445349147 
2.9385630086845476 -2.4259348567890573 
3.9109442393707843 -2.6593331048739985 
3.36908533846903 -3.4998025757731757 
2.707537893573893 -2.7498992632370087 
3.6568212392701773 -3.0643211606673066 
4.522007157527591 -3.5657723814745497 
5.418294995884074 -4.009245166224937 
6.074406225024996 -4.763909366379674 
6.510054108939463 -5.664026537219586 
7.467864549717237 -5.376625842131548 
6.866711331193938 -4.5774920561738535 
6.10850194159341 -5.2295031922149455 
5.913279750822555 -4.248744151353925 
5.198396959641091 -4.947988454064071 
5.625510630485443 -5.852186392669255 
6.1550628825553435 -6.70046371308263 
6.053495977264064 -5.705635002324064 
7.045342409798609 -5.578196176731169 
6.380975320083076 -6.325602605726072 
7.336338519029996 -6.0301687584811985 
6.433108615301145 -5.601011746409894 
6.657659778263042 -4.626549445850011 
6.375191367477548 -5.585826046684367 
7.271489286344743 -5.14237363589564 
6.678913756636979 -5.947888528117729 
7.069472443079646 -6.868466559815302 
7.2715049221070425 -7.84784538203786 
6.611370835900923 -8.59899316259027 
6.39746838174456 -9.57584818771216 
6.525427323910759 -10.567627653682143 
5.566383366033555 -10.284370373353417 
5.458763642537313 -9.290178241462105 
4.551043760767303 -9.709754952254587 
3.7096922930664995 -9.169266554786423 
4.706728976816471 -9.092338983286615 
3.7329443261721496 -8.8648671077294 
3.1410524416868206 -9.670884475458164 
2.502106711646789 -10.44013628992701 
2.123179052270658 -9.514709994126136 
2.1446667618437654 -8.514940881612 
3.105007460023655 -8.793770118635958 
2.434572098456632 -8.051802177306621 
3.428148686735357 -8.164963845836244 
4.368616000838411 -7.825079702187578 
4.545350443897751 -8.80933827422874 
5.440042246500695 -8.362654293818546 
4.930781569647247 -9.223266612467755 
4.673927280441925 -10.189716752990705 
4.909269577114663 -9.217804203737018 
5.507167784302215 -10.01937624282141 
5.305496670666438 -9.039922945351385 
6.086703987953556 -8.415651267780584 
6.804208899540207 -7.719097822703301 
6.6266999493669765 -8.703217008883714 
6.308209805957704 -9.65114318140515 
5.603692207182501 -10.360829698830994 
6.209363535826981 -9.565114773962778 
6.508542498241635 -8.610917756335658 
6.141164638132804 -7.680845980663556 
5.710032594852135 -6.778557134862703 
6.658573361445883 -7.095212174471652 
6.747349677684497 -6.099160586613322 
7.730483739673864 -6.282046934262039 
7.521643756318527 -7.259996759842136 
8.441574457146627 -6.867915766074369 
8.912231783870537 -5.985599677135092 
8.28749623146997 -5.204763273291906 
9.237131174945631 -4.891404893589087 
8.862201520267362 -3.964351629724041 
8.309191263609428 -3.131177184585974 
8.019777176307592 -2.173973190616431 
7.5443445306609815 -1.2942210667466076 
6.879340782629306 -2.0410610864990475 
6.32532693004378 -2.87356853459987 
7.263184248021188 -2.5265474241235437 
8.153600582184046 -2.9816943804530105 
9.103280927990333 -3.2949151345374883 
9.79776745393343 -4.014420843537417 
10.581030767900097 -3.3927307430902953 
10.185931749670694 -4.311369282339635 
10.806442629491439 -3.527171445040855 
11.023345300269035 -4.503364679707817 
11.980466795652736 -4.793051481399691 
11.552979477011958 -5.697072826502403 
12.54099946472195 -5.851398792838432 
13.010084409665472 -4.968245740175796 
12.021144056035379 -4.819931961443054 
11.71894982768435 -5.773178334817391 
11.310547665136548 -6.685980434741728 
11.971402553868211 -7.436494136175261 
11.322107547909894 -8.197030785678486 
12.191130679690298 -8.691802244465851 
12.951744470333438 -9.341006882067488 
13.853964830496 -9.772282225332248 
14.853927641732925 -9.763658064900937 
13.878644385398381 -9.542699765863569 
12.879197830748131 -9.575965129197595 
11.926125263181392 -9.878707067078267 
11.466933175592741 -10.767044067712586 
12.169877277228073 -10.055798969328002 
12.212407288814864 -11.054894159044391 
13.160095672613572 -10.735697155278702 
13.67809627754025 -11.591077405983379 
14.368782472973178 -10.867922803261122 
14.216275486634744 -11.856225195810067 
14.831750486441704 -12.644381604534011 
14.545404678248417 -13.602507941782985 
15.417587105789009 -13.113327184711121 
15.24346528037228 -14.09805130339287 
14.876546419553566 -15.028304252635976 
14.468597312100718 -15.941308921697654 
15.225401114806864 -15.287666814570583 
14.87893345410959 -14.349604897589108 
14.143294831589811 -15.026979105141478 
13.155977426371901 -14.868220353087388 
13.789383205301204 -14.094400529601996 
13.704178895948262 -13.098037028831476 
14.6640503223435 -12.817596580982078 
13.668142241954833 -12.907968564564156 
13.19969570928722 -12.024476716253323 
13.074029482893975 -11.032404138492964 
13.743729079815465 -10.289772029112287 
13.281136100554509 -9.403201256111917 
12.4722724260761 -9.991197477281142 
13.42878029588229 -9.699490955244313 
13.118432080201968 -8.748868009474519 
12.203540550041991 -9.152567759340105 
11.230015238392813 -9.381146996320133 
12.228108511383295 -9.442870722804738 
12.73439781895664 -10.305234414663865 
11.76002404162352 -10.530169387590682 
11.897338622406346 -11.5206968763079 
12.897185280220837 -11.538208611150319 
13.819790944304664 -11.923953071383307 
14.514425455750416 -12.643315911338583 
15.310888290249377 -12.03862842737527 
14.319238180256649 -11.909670839962153 
14.914550081602599 -11.10617613548933 
14.58752220435613 -10.161161443802651 
15.402314659604773 -9.581408690579446 
14.418421246317623 -9.402652568194338 
13.876759032613373 -8.562056323707715 
13.504948863900465 -7.6337475397130365 
12.971758294642228 -8.479742703324554 
12.044955411859357 -8.104194548668778 
13.04446220486772 -8.135597904064934 
13.996195012436518 -7.8286701226615305 
14.384578265561492 -8.750168060093873 
13.39192799975537 -8.629149673907989 
13.559846625096 -9.614950533749221 
12.560102045325849 -9.637550870476879 
12.886028106273878 -8.692155607745516 
11.94754816040215 -9.03748934660779 
11.398179875035263 -8.201909017116337 
12.37482974428942 -7.987071792953863 
12.539074125782614 -8.973491471968792 
13.503605175552085 -8.709522053227525 
12.51269542551281 -8.84405036726253 
13.142558102689279 -8.0673438538998 
12.612797501271844 -8.915491072951916 
12.764959868768742 -9.903846582835753 
11.768037477310727 -9.825451778099511 
11.184182120409739 -10.637309476355812 
11.619651612646242 -9.737105987509384 
10.94335450449556 -9.000477029683925 
11.897276333016817 -9.300532266383202 
11.082736110992943 -8.720425184280856 
12.065158724172793 -8.533754862288113 
12.165007162856366 -7.538752204355757 
11.91847706668922 -8.507887340280472 
12.622997837001709 -9.21757070925448 
11.705456177649443 -8.819931044038482 
12.52111787101257 -9.398460215282245 
13.368584046676357 -9.929309611161903 
13.547645987371705 -8.94547180878063 
14.001115945538782 -9.836743370674057 
14.98215399849565 -10.03055858847337 
15.632742382604182 -9.27112804229877 
15.021445830501577 -8.479726421509763 
14.149644523953729 -7.98986676619871 
15.14809957587067 -7.9343014055723655 
14.158399749773706 -7.791143261467192 
13.544724395685288 -7.001584802716699 
13.79324707118916 -7.970210881118678 
14.577355753747343 -8.59083441752128 
15.040355825788344 -9.477192659593879 
15.503939245436326 -8.59113938070627 
15.970929201017206 -7.70687676056078 
16.237097276555094 -8.670803394472541 
16.168134688062253 -7.673184147771493 
17.147514311926887 -7.875212740695282 
16.155272108575772 -7.750892951888658 
16.402261482826194 -8.719911140060265 
17.022284795649373 -7.935327752805749 
17.394489887443083 -7.007177242574334 
16.98299012221761 -6.095767376915979 
16.506179484554067 -5.216761338363976 
16.0500997010243 -4.32682244661048 
16.621293632091863 -5.147637586036883 
15.631316425405133 -5.00641035693166 
15.40350283784465 -5.980115121900396 
15.416455614426479 -4.980199012629813 
16.108859770477522 -4.258689148051898 
15.221637369886707 -4.72003111654151 
16.126776203187458 -5.145147209451386 
15.24855574615426 -4.666891180897222 
14.93743332145001 -3.7165213387588323 
15.206832045443711 -2.753492612546283 
14.570840580594735 -1.9817965216923423 
15.256463565662266 -2.709753335210211 
14.464325901397604 -3.3200957971554104 
15.288887257712908 -3.8858683395003597 
14.794108083931974 -3.0168496002359775 
15.25052377380404 -2.12708293529589 
14.994061764176909 -3.093637247074599 
14.593179711186481 -2.1775075730708693 
14.376494701157611 -1.201266001312737 
13.884190095499209 -2.071688987709308 
13.372177440512246 -1.2127110827937035 
14.291420561091595 -0.8190207409417083 
14.187874755629483 0.17560394514405475 
15.153504862350228 0.4355241194177766 
14.712107439787417 1.3328358352417184 
13.80841496213431 1.7610179294880677 
12.810380770638897 1.8236897142567903 
13.774483990234407 2.089217456622013 
14.291300288833973 2.9453137791826483 
13.508026745099711 2.3236365673709463 
14.38829102550124 2.7981202832655763 
14.65092111789567 1.8332236905838044 
13.877827919648345 2.4675161364033356 
13.994145547551225 3.4607282031036184 
13.262793307752323 2.778728275434172 
13.371078471148602 3.772848149185945 
14.114051338931619 4.442169684577031 
15.084610485485783 4.201306771200868 
14.829647391065217 5.168257556134357 
13.933530018700617 5.612074697473404 
14.929635987422394 5.700238743869038 
15.36729974782823 4.801100026636028 
16.348970536789956 4.991684554075336 
15.52003568448708 5.551029716419312 
16.268652517087297 6.214032610792798 
15.30715626656649 5.939214561468465 
15.719506981583201 6.8502397465348315 
15.510833831571716 5.87225430877807 
16.253149145979457 6.542305033720397 
17.251939853915058 6.59146926605954 
16.337263041441965 6.187283258478799 
16.17512242755199 5.200515595182427 
16.48450460316932 6.151453379377738 
17.460857668378427 5.9352712985829035 
17.56855228800581 4.941087276933334 
18.501661503577903 4.581494184932892 
17.603803749385982 4.141208535339993 
18.52212140595288 4.537052799713594 
18.73201077176533 3.5593276572942902 
19.707276544562024 3.338292202194282 
19.8112839978957 2.3437156844486418 
20.811217946001285 2.3322222330097127 
21.636987735669628 1.7682149152636566 
20.835857784837827 1.169724479349902 
20.971706232219567 0.17899484955983103 
21.149874973851105 -0.8050050993758561 
21.887615825920367 -1.480089120211869 
22.076182035498174 -0.49802864111424316 
22.544701155560634 -1.3814819981942306 
22.10704477357969 -2.2806243069036762 
22.967595014383416 -2.789989876070508 
23.482971969648958 -3.6469534657178273 
24.103962413961113 -2.863135331152804 
23.54332558715387 -2.0350735288532995 
24.522635531081473 -2.237439617229078 
25.490236257499593 -2.4899249321191297 
26.159028098171905 -1.7464752204034426 
26.886866945009388 -1.0607270063815006 
25.94424517012036 -1.3945895372307477 
26.813730589521978 -0.900630930211906 
26.562803763412603 -1.8686369880125144 
25.760477432722865 -1.2717513548448687 
26.11105313814115 -0.3352169589092612 
26.587123230512358 0.5441903796714824 
26.462829551924123 1.5364358540693273 
26.264018265879816 0.5563980626850313 
25.57895155394529 -0.1720822734937969 
25.792287455799364 0.8048966377320848 
24.79995267858984 0.6813179585818296 
25.47695588159944 -0.054662111199099805 
25.320911703453344 0.9330879657265916 
25.297037228386905 1.9328029298240097 
25.93533586696074 1.1630140964451496 
25.638162321018584 2.1178375793948327 
25.641631435393393 1.11784359679021 
24.651001250753815 0.981271867354883 
25.179790222473674 1.830025202186302 
25.068431896213635 0.8362448828135731 
26.050843995156146 1.0229705314303803 
25.078057302409796 0.7912680273100817 
25.953009940118903 1.2754765379394104 
25.479403322511665 0.39474004399889484 
26.15726832563871 -0.34044635245820265 
27.018867732953083 -0.8480352228203498 
