0 0 
0.19848433438516097 -0.9801040602934362 
1.1976591437073296 -1.0207205645251862 
0.7191136544145351 -1.8987833269046872 
0.7379728277932 -2.898605476879108 
1.5741239698575744 -3.4471045813673857 
1.901059368097147 -4.392151270890148 
1.27854475254081 -3.609543097268925 
1.9434584090606473 -4.356463326860693 
2.0375572722888955 -5.352026184715059 
1.4014598821919515 -6.123634965323378 
2.327251546501134 -5.745600847424432 
3.269870720907216 -6.079470720342004 
2.2840657195134018 -5.9115764106500395 
1.8579658218711859 -6.816252527959042 
1.4572476715087326 -5.900051150547889 
2.384398441414656 -5.52536268013166 
1.3897790382858988 -5.628959219262051 
0.8797148510935668 -6.4890955601661116 
1.8243266342983668 -6.160905708052053 
2.50034708415974 -6.897788569414174 
1.8073267644774313 -6.1768705182409285 
1.5221209573630532 -5.218404218578684 
0.9673628709628824 -6.050415916557516 
1.6467635591187102 -6.784183389898621 
2.396329763471491 -6.122254009003524 
1.4811184415301246 -5.719279771377424 
0.6058372816358433 -6.202894174734191 
0.9331527370296997 -5.257979050154045 
1.361026768890047 -4.354140672533593 
2.041758265484014 -3.621607649697805 
2.792497742314306 -4.282206043526142 
2.898503742484109 -3.2878405534129747 
3.249846677326183 -4.22408739166481 
3.366233160651064 -3.2308833912201544 
3.5425656976717486 -2.246552737228393 
3.2399229545838866 -3.1996568081756607 
2.2488976357229484 -3.333331104046543 
2.2620028969645665 -4.333245226422955 
3.116445408343222 -3.8136992758575246 
3.7886405631674744 -3.0733252664333692 
4.666542713092338 -2.5944851938023255 
3.763257622854427 -3.0235260377250097 
3.0069968738241184 -3.6777963790030754 
3.3372251815362444 -4.621697467457573 
2.8937737844853606 -5.5179958878810496 
2.8145192503043255 -4.52114147583697 
3.1335592321103434 -5.468882732725798 
2.9780415823160946 -4.481049618985185 
2.1344648829310495 -3.9440409111836887 
1.3858325812857413 -4.6070263385750065 
2.239967175834764 -5.127078349814822 
3.232961768761768 -5.008918549469128 
2.2447321931092703 -5.161896671452909 
1.2785551094326308 -5.419776183973977 
1.6748488105657253 -6.337899978700066 
0.7142612596105755 -6.615877598212838 
1.6696734588764528 -6.320602252994278 
0.6989792867387732 -6.080284080194248 
1.6768486526382378 -5.871067677311063 
2.5560586380074075 -6.347502144606561 
3.1000738428596444 -5.508426786316509 
3.6396477785148553 -6.350365007305166 
3.802343061313726 -7.337041370128861 
2.8206542570686572 -7.146549660020819 
3.8101345566226468 -7.29121733711058 
4.39366408818083 -6.479125417559913 
4.16449143401199 -5.505739628378044 
3.3128516887378385 -4.981612025337164 
2.355853971380322 -5.271707473375396 
3.159943165950639 -5.8662161504990005 
3.708059864658372 -6.70261801838174 
4.28823788392933 -5.888128321728168 
3.354932640835625 -6.24721232751762 
2.363589936999638 -6.378512150636902 
2.015884141924166 -7.316115840940505 
1.4498592725608321 -8.14050400634696 
1.9674542451811594 -8.996129768183385 
1.246297254633583 -9.68890144412313 
0.5060087378407578 -10.361190750824255 
0.3969103849303787 -9.367159790847534 
0.509059532880965 -10.360851175842875 
-0.342746598814587 -9.836994025461342 
-1.3333804972317858 -9.700449236814016 
-2.179504322621275 -9.167462865404525 
-3.1082367925185768 -9.538213454559092 
-3.5708721160451997 -8.651664777144582 
-2.890857914609267 -9.384863717300288 
-2.7688184213055016 -10.377388962356633 
-3.1878385914913303 -11.28536588771181 
-2.8899448443126725 -10.330766853880402 
-3.8708940417481266 -10.525031292341842 
-4.760840530922384 -10.068966333803683 
-4.6527142696283 -11.063103503221749 
-3.8905669707845165 -11.710507160042688 
-3.1186726875955477 -11.07475625317728 
-2.5699055699187685 -10.238780984071358 
-2.5071085463589067 -11.236807303279434 
-2.407595796564971 -10.24177101618813 
-1.71952830125732 -10.967417708388306 
-1.5274679880592363 -11.948800832399645 
-1.036940566794316 -12.820226588839738 
-0.05087832493244404 -12.65384974196993 
0.7617096391199676 -13.236688313683537 
-0.08792578553077868 -12.70931781282238 
-1.087694998405972 -12.687834773304752 
-2.0876430914062847 -12.698023556600045 
-2.442777898586923 -11.763208457915406 
-2.6682298325459257 -12.737462749912185 
-3.5890644734968613 -13.127416034325538 
-2.619834091209201 -12.88126066458822 
-3.5924443002108006 -13.113702875354392 
-4.50141003223139 -13.530573716277901 
-4.5106292779591906 -12.530616214426843 
-5.344100814271212 -13.083178607426655 
-5.334702116222933 -14.083134438688715 
-5.074499582192362 -13.11758037946465 
-4.29061941074548 -13.738492512388792 
-4.160968493232288 -14.730052212854673 
-5.1268491673201435 -14.98903970950961 
-5.082338526723233 -15.988048619817047 
-5.33460474087725 -15.02039074784142 
-5.719342323105031 -15.943416745753462 
-6.123105568016728 -15.028553235683038 
-6.74291883646973 -14.243803904845729 
-7.2991720682066665 -15.074816746011384 
-7.260358685591266 -16.074063222777728 
-8.175419132181798 -15.670746499735479 
-7.879631590246138 -14.715492748088483 
-7.729989703291887 -15.704233010072777 
-6.829470832707566 -16.139049941345625 
-5.879939722610949 -16.452722813871585 
-4.897312247170958 -16.26713390118974 
-4.357788178303428 -17.109104078281913 
-4.54741201902198 -18.09096089015987 
-4.780257876514952 -17.11844723645193 
-4.392968560623045 -16.196489002150628 
-3.767446886456651 -16.976695792141633 
-2.768424402067769 -16.932490863847764 
-3.5317056613142497 -16.286424521060038 
-2.8502724850721797 -17.018304857123688 
-2.909078051529411 -18.016574312408004 
-1.9196290650496444 -17.871692625662707 
-1.7154907439508083 -16.89275057126983 
-1.7675412374835353 -15.894106116960389 
-2.1945361707900664 -14.989852100142906 
-2.132554871333594 -13.991774789250766 
-1.5992297217292228 -13.145864460197222 
-1.0754547433111958 -12.294007798555608 
-0.08948907422539931 -12.127059604842117 
-0.6922103730331273 -12.925011380304472 
-0.9658365292049036 -13.886847502863121 
-0.18471221399414361 -14.511223034243493 
0.06215296086995681 -13.54217319783707 
1.0230750280263412 -13.818992237738412 
1.4502310656531865 -14.723170162440699 
2.434137771753348 -14.901853104243017 
2.1096768024519745 -13.9559540190336 
3.037224229579141 -13.582248559574182 
2.8194416901066397 -14.558245877962356 
3.3123905240089675 -13.688187576953547 
2.3163961682126257 -13.598771453005849 
1.3519218570113538 -13.862948104193709 
2.077179053292978 -13.17447007314136 
1.0786667013576243 -13.228996058070825 
0.4412009978399424 -12.458517325827874 
-0.4295051860150948 -11.966713766063817 
-0.9108828000814146 -12.843227081807404 
-1.25135349511161 -13.783482209858114 
-1.733800988290403 -14.659407101801195 
-2.1340491602898446 -15.575813889647677 
-1.1355224070207903 -15.52155227332489 
-2.102664610785562 -15.26731624578941 
-1.2781491538120264 -15.833155676380564 
-1.543687510879919 -16.797255972473085 
-2.4674144616445286 -17.180307562250647 
-3.446187219965816 -17.385256062045446 
-2.648518653220126 -17.988352122077245 
-3.086808078933581 -17.08951822234506 
-2.2715226822851626 -16.510458879952736 
-2.6399329788308092 -17.440122181045744 
-2.9723407158266344 -16.496986402705577 
-3.0232451803314757 -15.498282875379537 
-2.795193159928734 -14.524633926327454 
-2.182680595172319 -13.734173074662099 
-3.0439428832747466 -13.22601240017757 
-3.834641019159426 -13.838218621894152 
-4.743519395791394 -13.421157359618645 
-5.481451606308381 -12.746282517383795 
-5.031672646474928 -13.639422420921386 
-5.537000015302657 -14.502350141135336 
-6.294496789953491 -15.155189046527457 
-7.14855884268756 -14.635017911150197 
-6.291809991837161 -14.119284058696705 
-5.648532102698491 -14.884916841005102 
-4.802834904579934 -15.418579889280343 
-4.447140559299214 -14.48397754992134 
-3.496313711315425 -14.174254600895582 
-2.824494949523947 -14.914970167969047 
-1.8563720960335872 -15.16544599624332 
-1.6575062707995687 -16.145472722181953 
-1.3869784466453279 -17.108184878726355 
-0.3901936341988168 -17.18831001632982 
-0.1983953816159786 -16.20687564241266 
-1.169122891871661 -15.96669216914107 
-1.6453153696678893 -15.08735109533052 
-2.447969537327893 -15.683795801181805 
-3.4278620901130856 -15.883321701746414 
-3.355620144237977 -14.885934564644588 
-3.514375668324375 -13.898616640381054 
-2.5170185188348135 -13.825961865162519 
-3.189312174465218 -14.566246432473703 
-3.8295976596411094 -13.798109402072829 
-3.9501872386465355 -12.805406952476126 
-3.6874497688540537 -11.84053959269705 
-2.9484683906007136 -12.514265443911619 
-2.470005573984603 -11.63615762985017 
-3.3335502487470645 -12.140429971635236 
-4.181883113468805 -12.669893238192042 
-4.307782751224118 -13.661936221743199 
-4.53758809239975 -14.635172834888817 
-3.7915634999162107 -13.969254440932193 
-2.796739406785777 -14.070866564850602 
-2.823695692059925 -15.07050317816777 
-1.9526457141059206 -14.579308780900936 
-2.7811736960507396 -14.0193611198339 
-3.7210175945295707 -13.677756894900845 
-4.5444078289562615 -13.110281325514144 
-3.6972537791894085 -13.641628684558697 
-4.692629404030446 -13.737687861487895 
-4.16354745838842 -12.889117125016476 
-3.3354087681193647 -13.44964037134927 
-2.4572133374378247 -12.971338389824977 
-1.5665289509051323 -12.516716213081605 
-0.7532886578544284 -11.934788188529765 
-0.38236983907452105 -11.006122893671108 
0.06267477625830442 -11.901631291377829 
-0.9143324689888856 -12.114837395264413 
-1.5306852012187644 -11.32736719933776 
-2.529609571568044 -11.373736395171802 
-1.9076179239914635 -10.590712519198041 
-1.429451286242768 -11.468981650241657 
-1.1059447417530701 -10.522755717563665 
-2.0316122326308887 -10.901093789044667 
-2.1378769140612586 -9.906755910111906 
-1.4753967560393115 -10.65583537200311 
-1.1087543134486517 -9.725473442810415 
-0.540696888965914 -8.902484522781695 
0.28111471823001455 -8.33272520317556 
0.4409127633023843 -7.345575475529825 
-0.5403590798424458 -7.538203536442943 
-0.503743358369781 -8.537532956074445 
-1.3076213541363457 -9.132327179249428 
-2.29309954452592 -8.962525129007126 
-1.2941492896474702 -9.008333297255595 
-2.2483913658926986 -8.709298082066487 
-1.615443116485403 -7.935103976191068 
-2.6120944159543633 -8.016873085681347 
-1.612934065730676 -7.975902431050519 
-0.9412633945209476 -8.71675228725397 
-1.6181006371773439 -9.452884983819803 
-1.054887701166308 -10.279196782543401 
-1.5023326220948976 -9.384885291654903 
-2.0994784236265414 -10.187018006181079 
-1.2839644285369642 -10.765755359229106 
-2.2337284411086418 -11.07872232301881 
-3.2103587629925237 -11.293648390253535 
-4.2009712724541135 -11.430348266252787 
-4.579803793299685 -10.504883020471084 
-4.030501513376755 -9.669259298170507 
-4.179330450660959 -8.680396341322162 
-4.674323836195538 -9.54929308333298 
-4.590116384879647 -10.54574132842295 
-3.6612670302595784 -10.916198986491834 
-3.658065574321749 -11.916193861818641 
-4.65239690147623 -11.809867892087782 
-3.95495524998168 -11.093226320058532 
-4.2663867206811545 -12.04349493421874 
-3.493335525339592 -11.4091512975509 
-3.438819930333299 -12.40766421679687 
-3.4920862848980705 -11.409083876778412 
-4.400822188506503 -10.991712270780873 
-3.401046174706792 -10.970548097497675 
-4.3393964706597155 -11.316233969475489 
-3.8105421839342672 -12.164946608365778 
-2.819402913221727 -12.032119856348674 
-2.03530861119262 -12.652761560978234 
-1.0383795645464136 -12.731071687737714 
-0.6770534126387171 -11.798632192677806 
-0.013350820761147353 -12.546628763214727 
0.8466876219234396 -13.056858002973359 
1.775314676257827 -13.427872549801698 
0.9958221635437254 -14.054284093934353 
0.064869947308414 -13.689143064896856 
-0.632447615584233 -14.405905380090294 
-0.5423893892430309 -13.409968878164456 
-0.43921475206554084 -14.404632134871616 
0.37875795678739277 -14.979889162270494 
-0.42444675429556533 -15.575592269610167 
0.4691053955762936 -16.024551683654888 
1.2456342414344967 -15.39446998137325 
1.5703216988169457 -16.340291346652403 
2.0996719652051468 -17.188694726817015 
1.1300921513639026 -17.433470102603835 
1.5507071097035654 -16.526230852559546 
2.326517875417821 -15.895265199134686 
1.377450328767696 -16.21033787629904 
1.5946927115745533 -15.234220185079176 
0.8455460780500308 -14.571815987116274 
0.45555174246987573 -13.650998731513734 
-0.23937957375343577 -12.931922611946316 
0.23579772625170758 -12.052032542926428 
0.7754030238192854 -12.893950664145473 
0.4537602054351455 -11.947089588072584 
0.2797221245074053 -10.962350665115343 
0.7564262698952571 -11.841414461304241 
1.5656919136574219 -12.428857324760942 
0.7726834790109652 -11.81964666942112 
0.645030125904741 -10.827827824348725 
1.6351948833296723 -10.68792159448877 
1.4815347154403182 -9.699797840698682 
2.2793326012438277 -10.302722822273878 
3.0818647603629294 -10.899331683739774 
3.879659032945095 -10.296401921134631 
4.842384073684142 -10.566883890836865 
3.931495375539235 -10.154231761808218 
3.612240254717074 -11.101900568844108 
4.502869352336138 -11.55663104998019 
4.3663618197159035 -12.54727008289679 
3.4085800151010335 -12.834766195476913 
4.349604954878012 -13.173103398157515 
5.337085198606631 -13.330846126185358 
4.566178909502606 -13.9677947060722 
5.56603649670875 -13.984670881773722 
6.4813817102567 -13.582000867947443 
7.445140125389312 -13.315224337380982 
6.940379211597766 -12.451965152716074 
6.371394426964453 -13.274313202422391 
7.069717387931814 -12.558530384672638 
6.28406483859746 -13.177198366488758 
7.24499694478211 -13.453982555530569 
7.805950461050427 -14.281829855813786 
7.4024274958853775 -15.19679937256525 
6.968139737983854 -14.29602518147357 
6.172753789773092 -14.902128467546882 
7.035605122347697 -15.40758625794508 
8.026330096738025 -15.543468652387045 
7.055348796164271 -15.78262407033968 
7.844802927733359 -15.168814511805033 
8.78775542117431 -14.835887199748042 
9.680307802269773 -15.286830929054505 
10.402869069779712 -15.978137817993442 
9.417307056478263 -15.808822969450278 
9.085002270503319 -14.86565091239062 
9.223205730997263 -13.875247053599926 
10.193619255954225 -14.116695993503592 
11.191174930471053 -14.186572142791277 
10.494058346418159 -13.469614355862072 
11.48888920696449 -13.571160202181083 
11.133443443709014 -12.636463294417004 
12.020324929360156 -13.098460297014665 
11.320758529123266 -12.383892699330863 
10.822983819046941 -11.516586330157644 
10.928401581256315 -12.51101435440614 
10.073071355956513 -13.02909755784801 
9.690387333759704 -12.10521826965324 
10.495624685602536 -12.698170887656689 
10.019966927304724 -13.577801319696816 
10.962567044297217 -13.243877646613074 
11.890766730179891 -12.87179520530832 
11.206497372965329 -13.601024556594435 
10.858952195234433 -12.663361317773589 
10.043600773365576 -13.242327688866446 
9.738532168811416 -14.194658065634602 
10.667886590237385 -13.825469280084445 
10.021185480534621 -13.062725761784083 
9.11126630547754 -12.647940160703909 
8.118110076557977 -12.764733589278775 
9.063527730519722 -12.438872484546296 
8.450806705926745 -11.64857320830866 
9.389293416667707 -11.993888562387522 
8.8881787093073 -12.859269432332711 
9.698495009491586 -12.273276690350652 
10.244979029577891 -11.435807159089777 
9.298449350471872 -11.11319041034375 
8.5238319795717 -10.480760233407429 
8.010988579301788 -9.622278057238585 
8.147594069514781 -8.63165252756369 
8.067363102337646 -9.628428827395211 
7.158536067526329 -10.045601957877112 
6.943340163351058 -11.022172857927993 
7.746156494681181 -11.618399273100653 
8.44214808136809 -12.336449209568194 
9.361674972646902 -11.943422116080832 
8.361786713297807 -11.928473242683914 
9.29659868759935 -11.573330211353644 
9.48508812458543 -10.591254994201378 
8.527522938593775 -10.303038210205775 
9.52199903667011 -10.198074929222047 
8.569881763712289 -9.892341878121314 
8.039472126849455 -9.044600397997192 
8.933149669581534 -9.493310158996833 
9.178067581650105 -8.52376634031303 
10.023800358409826 -9.057373002859789 
10.486809220682552 -9.94372665319182 
10.359741937546845 -8.951832553221209 
10.752705722045787 -9.8713865016507 
10.334602027695222 -8.962987194753998 
10.811949952723724 -8.084272816545138 
11.765095305296173 -7.781760111242461 
11.927605387639087 -8.768466994332318 
12.592381426166515 -8.021424278954022 
11.59369889275915 -8.072738969511867 
12.585572451473864 -7.94551144292029 
13.544095135934018 -8.230527693992576 
14.515038574289926 -8.46983678181334 
14.418990443207973 -7.4744600910496555 
13.680398714128378 -8.148613083874885 
12.734944784527451 -8.474368923426788 
11.925207948864621 -9.061162121215197 
12.339076497131643 -9.971498775841027 
12.97393006887499 -10.744131251501166 
13.722239674854704 -10.080781620010738 
13.815299512132803 -11.076442137800699 
12.818912916124015 -10.991508332434277 
11.861682323494769 -10.702182231754332 
11.581921514629142 -9.742112500004158 
12.279781454128875 -9.025878247233859 
11.281029368762212 -9.075820934143383 
10.355773488453236 -9.45516451976684 
9.597354026632233 -10.106931287814383 
9.455580520514607 -9.117032165194752 
8.983529045783921 -8.235461178146865 
9.366479361345908 -7.311692237442007 
9.634654127091643 -8.275062516730932 
10.52028289275509 -7.8106686220365225 
10.832377753467721 -6.860617677130533 
10.187019595825337 -7.624497804090535 
9.291711774466133 -8.069945786477971 
8.382970899433118 -8.48730656810968 
7.397027995884256 -8.320223980921071 
6.763981704636886 -7.546110040252161 
6.089946602174315 -8.284809357057227 
6.165785000084567 -9.281929478909358 
5.972743125170896 -10.263119997886083 
6.180368301386708 -9.284911540449043 
5.341528487527561 -9.829289870918535 
5.155654262856683 -8.846716325272714 
4.453366820633815 -9.558609820464278 
3.46648251081344 -9.720038935032754 
3.0938342365249265 -8.792066271820204 
3.5430461339266457 -7.898641025236726 
3.6054609298262044 -6.900590729283253 
2.7135162847660195 -6.448446117296711 
3.7056387010848715 -6.573718265189381 
4.632754517816826 -6.948493214146006 
5.631114097360653 -7.005748344335997 
5.970787003396885 -7.9462919727259305 
6.697500048418554 -7.259350817898726 
6.938427318452421 -6.288807644951727 
7.9358568123850075 -6.360462404970754 
7.160645170853586 -5.7287608054523105 
7.699404870002713 -6.571220292058487 
7.74699934833776 -7.570087032736149 
8.100783972418295 -6.63476011675212 
7.840300664084806 -7.60023846766406 
7.135071626708825 -6.891258915884358 
7.25776066193498 -7.88370407841742 
7.505628292071646 -8.852497987321906 
8.50007069935494 -8.957779982917586 
7.5252719753170725 -9.180866171674637 
6.579240951254783 -8.856790098025787 
7.332677683080963 -8.199269686833036 
6.533059325947649 -8.799778207118486 
6.293869845357992 -9.770751117335475 
7.293572834865846 -9.795121853250926 
8.184566532987283 -9.341106181816683 
7.207805603269934 -9.555437901768956 
7.126437568925809 -8.55875377779237 
6.264036840919074 -8.052527559256177 
6.796945910386993 -7.206355045120414 
5.929012035030446 -6.709675281078667 
6.563228287776371 -5.936519575704311 
5.932323167613108 -5.160659582308739 
4.9384301201367755 -5.271007260935025 
4.5323404804829845 -6.184840508615286 
4.473088258462693 -7.183083552260299 
5.469861848766419 -7.10281892946158 
5.583515011839142 -8.096339416680422 
6.321400830814174 -7.421413851780449 
7.211376958400226 -6.965406733056482 
6.9177554100048235 -7.921328480020053 
7.913170330817688 -7.825677366994017 
8.899993002919173 -7.987482848441606 
9.856455969699164 -8.279336567243368 
9.01786123858157 -7.734580771549729 
8.872161651923495 -6.745251892739621 
9.856799855470493 -6.9198589032396 
8.877968306180737 -7.124526433920494 
7.902739840785414 -7.345726434559472 
7.406579789817244 -8.213957511994082 
7.804052775867589 -9.13157138795729 
8.791338920202204 -8.972618347077633 
8.032048740030149 -8.321866149774936 
7.6284369776398275 -9.236796499725235 
8.621740296058842 -9.352332284734784 
8.217861076715696 -8.437519967271376 
7.269177216378781 -8.12129388811874 
6.283378894700042 -7.953360362652914 
7.0624141210272215 -8.580340518751463 
7.075201722182587 -9.580258754037073 
7.616197321049696 -8.73923333111193 
7.913807776431534 -9.693920723323336 
8.333812349969392 -8.786398735596713 
7.738170339110504 -7.983148715428658 
6.738209995412215 -7.992054389507575 
7.60046333631594 -8.498531611206996 
7.65313449878201 -7.4999197002803974 
8.384459469837344 -6.817890531761253 
8.1632810495022 -5.842657171801674 
7.287774054987981 -5.359451726305992 
6.435373449067207 -4.836562438764263 
5.436108197296966 -4.8748894084404295 
5.46668328220404 -5.874421881241051 
6.064442101897015 -6.676097871575838 
5.177425876218671 -7.137836125766831 
4.552257676151134 -6.357346073540464 
3.655131161347829 -6.7991197898669045 
3.9481416110090977 -5.843010551134582 
4.927820759707132 -5.642439452502964 
4.119743845726447 -6.231516443304211 
4.897108572466945 -5.602466300931068 
4.698905787496627 -6.582627336695095 
3.9456005545249164 -7.240298398835917 
2.978128934338397 -7.493277971397955 
3.955697921680347 -7.703893438510973 
3.6782419901160837 -6.7431550734813435 
2.820760274599153 -7.2576695121068715 
1.8216474627938173 -7.299783515555078 
2.7142908195358944 -7.750547131726833 
3.337963195582277 -6.968861282196052 
2.38230569417472 -7.263341739957625 
2.787427703213311 -6.34907910931338 
3.4813923098359005 -5.629069994957767 
3.1859352262505443 -6.584426008054056 
4.082955796483994 -7.026414804946077 
4.613986179683255 -6.179062025922342 
4.65490069256073 -5.179899375181233 
3.6908702881954722 -4.914107389863095 
2.7866161151659705 -5.341101992356771 
3.4197105921866098 -6.115176525697045 
2.5352665117890516 -6.581822717848784 
1.6622199447754382 -7.069459562053305 
2.0980748109073026 -7.96947652615408 
2.7313156810636325 -8.743431305429752 
3.6583833382192807 -9.11832536920769 
3.6449220504538467 -10.118234761968703 
4.443504394767979 -10.720120331948365 
5.2294830517916004 -11.338373961701839 
5.656609133639159 -12.242566037648954 
6.531211786058272 -12.727406424148937 
7.260832699515946 -13.41125825213888 
8.189363101351644 -13.782514622948645 
9.170157932421802 -13.977556924375948 
8.47589353789395 -14.69727697445853 
8.557969392440715 -13.700650889058185 
7.841641804018398 -13.002886755510847 
7.088992710172515 -13.661308612326803 
7.984463796086873 -13.216188926970874 
7.8742639851588345 -12.222279473513757 
7.43818060454994 -13.12218573816398 
6.439958514699276 -13.062581549266113 
5.736696830339264 -12.351650467296054 
4.8201197855436355 -12.751508593327914 
5.537911892920908 -12.055251104616378 
4.573675606037956 -11.790206989310683 
4.668718240120974 -10.794733786403361 
5.363611709440925 -10.075621092664417 
6.268815198453314 -9.65064268911925 
7.132784326544555 -9.147097908880927 
6.1347022471422665 -9.209002373792622 
5.2137479610924995 -9.598673007798526 
4.450330263736289 -10.244578124176575 
4.237555718142112 -9.267476802538336 
4.719656124008231 -8.391360829242721 
4.940467112487276 -9.366677448278256 
3.9533125058322205 -9.20690954612109 
4.948959910207698 -9.113709513071871 
3.952783426079351 -9.201073192422532 
4.630570967267874 -9.936331003676255 
5.487612663921346 -9.4210839462394 
4.8313037240886345 -10.175576209616342 
4.912737457697808 -9.178897451424682 
5.486247848842971 -8.359699165752328 
4.9397755784273025 -9.197176364048941 
4.120832685861999 -8.623301343929775 
3.299848229784464 -8.052350800643342 
2.301721502847836 -8.113531164934297 
1.5515273364219138 -7.452313566362907 
0.9229704175987488 -6.67454997773232 
0.5909172317437928 -7.617810642534778 
1.098499010296667 -6.756207057304829 
0.4281119257520305 -7.498218618451785 
-0.5714530769986853 -7.4687261571105985 
-0.9707670905269292 -8.385540379622425 
-0.029738344683514772 -8.047213763027793 
0.7557490177579006 -7.428336066350308 
0.24375114178752122 -6.569349352249432 
-0.15668829440807158 -7.485672580122302 
0.757221112188285 -7.891590794218067 
0.8798416821718786 -8.88404441823125 
0.46928158189695984 -7.972210878563922 
1.246413656418481 -8.601548418163997 
0.25708910492549475 -8.455819451197227 
0.9954797904126103 -9.130192638376156 
0.36419651486332716 -9.905744974464294 
-0.14629975682570673 -9.045865008078522 
-0.20485811547348332 -10.044148995044395 
0.7727291312783902 -10.254679693490232 
1.596288594591445 -10.821909638386932 
1.8997688980601086 -9.869071926388417 
2.728350253597397 -10.428940604969377 
2.598450405954493 -11.42046772491232 
1.71946491848186 -10.943619203039287 
1.0181149235504576 -11.656436279581174 
1.2768897245728728 -12.62237395994974 
1.750474635588418 -13.503122126032645 
2.062655669946351 -14.45314475828264 
2.9701987673316186 -14.873103716263483 
3.2382568510143566 -13.909700963634895 
2.5361875916599432 -13.197592295614665 
2.2850425293206995 -12.229642835331424 
1.8729642865027132 -13.140791298424043 
0.8743420513431593 -13.088316242969695 
0.16703061364629135 -13.795218308395444 
-0.6614051671082708 -14.35530237098389 
-1.3706905677857004 -15.06022379950331 
-0.5495913151642968 -14.489438360529459 
-0.3284384176822054 -15.464677508603035 
0.4319843314198395 -14.815249111743082 
1.3972788029607588 -14.554085210691392 
0.5996033508627567 -15.157172163891548 
-0.1200931780410528 -14.462883386592212 
0.8091897245307761 -14.093514618302747 
0.5971189051023751 -13.116260317955613 
1.1099197785649095 -12.257752738387405 
0.11411275431198242 -12.166273940578677 
-0.09831177988017734 -11.189096465770112 
0.45654271298241067 -10.35714905652467 
0.058761039976847895 -11.274629160189537 
-0.4153740848458473 -10.394177069835175 
-0.8985864309584126 -11.269680255759926 
-1.543248075697421 -10.505212229088832 
-1.1378936917838198 -9.591052602195353 
-0.15694090409231798 -9.396806293812745 
-0.8428641849776708 -8.669132429544229 
0.12378630639398203 -8.413033176263509 
-0.8206422637496461 -8.084316465558894 
0.036975831253721725 -8.598603547958204 
0.027600993954160782 -9.598559603205437 
-0.9641687154592513 -9.470525062982746 
-1.0690173603754067 -8.4760368721734 
-1.8550744916906785 -9.094190725440049 
-0.8918537775755827 -8.825479252109258 
-0.49645124024877385 -9.743987190820471 
0.2730678292674852 -9.10536335658718 
0.10668249001227523 -10.091424165503613 
-0.04366678807306054 -11.08005710779272 
0.9441403619122268 -10.924374628245587 
0.28443843315094086 -11.675901983162651 
0.1577380577188354 -12.667843017128565 
-0.6439674596049662 -13.2655622350667 
-1.3102300517994578 -12.519845024428326 
-0.34224020919428133 -12.268855652913903 
0.5624446113767148 -12.69493707169255 
0.02581712419758808 -11.851117813792012 
1.0037969357607088 -12.059817330262373 
1.036003813895277 -11.060336106326263 
1.9709685150827387 -11.415076867352452 
2.945613316451236 -11.638834573734517 
3.908026208249547 -11.910425121619404 
4.903076666054335 -11.811054168003762 
5.774916106663006 -12.300845950089945 
4.81217507484259 -12.571270996358521 
5.747038544397959 -12.216263541097511 
4.751830842024683 -12.314047124264146 
5.520343009007234 -11.674211950801649 
6.3030732513317735 -12.29657307406576 
6.778826356399665 -11.416994207210571 
7.368007536972008 -10.60899325643181 
8.302474764552018 -10.965042411154766 
7.916146386837504 -11.88740372028068 
7.052220072363011 -12.391021951839587 
7.986255191513765 -12.03384077065413 
7.173235578455955 -12.616077070435697 
8.105241301831288 -12.253633514008463 
8.267959956365031 -13.240306022729937 
7.560300729740188 -13.946859926528317 
6.560767903647378 -13.916296393307832 
7.559845126019057 -13.959246407720997 
7.471719064816294 -12.963137077709032 
6.99484869196063 -13.842110710699522 
7.985021637542002 -13.98195897789905 
7.215308042638447 -13.343569612526593 
6.735599197992176 -12.466141880819794 
5.8362160340543205 -12.903303091845125 
6.810618138056967 -12.678490859715248 
6.967147553930689 -11.690817562533315 
6.303148802457959 -10.943083881305395 
7.007865087497091 -11.65257310433887 
6.434116319703694 -10.833541754843896 
5.445593361306219 -10.682471040537306 
5.22758039480807 -11.658416913236545 
5.348373394900447 -10.665739195581574 
5.979782609425243 -11.441189002992203 
5.377644585853776 -12.239581012326871 
4.472926798351876 -12.665592426466993 
5.2172462966969215 -13.333416119056123 
4.364538614494395 -12.811027749437507 
3.891476632956713 -13.692056898571428 
2.92054035558823 -13.931395038636548 
1.924578532757636 -14.021172805728188 
1.6094350774516744 -14.970216852428772 
0.6290262272367674 -15.167190166408824 
1.5343660783439583 -14.742502335176036 
0.6316196177544803 -14.312329314295868 
1.4483123744120983 -14.889402049072846 
1.1946193974333623 -13.922117254696513 
1.7166653959694607 -14.775034586805814 
1.2186734344638956 -13.907852941315182 
0.5036479062192445 -13.208754597762248 
1.0444990546334658 -14.049872921934904 
0.20663759199513365 -13.503989995451986 
0.6699515078118556 -14.390184226651092 
1.20683410168315 -13.546527258210702 
0.3434709840260882 -13.041944136149056 
1.3406729067615055 -12.96718903403029 
1.2627050339373758 -13.96414490607643 
2.2275550344156922 -14.22694611721708 
3.1174753524490817 -14.683062141438276 
3.319353825249624 -13.703651562457367 
4.315218662378993 -13.612804294092843 
3.3211660561910397 -13.503903347673921 
2.337270471927292 -13.682647520351798 
1.9830074840842593 -14.617793356809688 
2.67156639609124 -13.892612948431358 
1.9497889268180355 -14.584738142922621 
1.9115503533777578 -15.584006781228283 
2.8017015684224216 -16.03967202497034 
2.438389364181428 -15.108004572362088 
1.535336791867031 -14.678474536583039 
0.991802736259096 -15.51786165251608 
-0.006898157991441112 -15.568817749532801 
0.88118889711372 -16.028493050756005 
1.840349351797347 -15.74563050079384 
1.8849627599313212 -16.744634827018043 
2.565570057254196 -17.47728324667842 
1.7423762207243403 -18.0450436781099 
2.471690948053143 -18.729222038262655 
2.869268428120006 -17.811653431921044 
2.9044602828452346 -16.812272857084313 
3.0519411002588037 -15.823207940865451 
3.0717290994014523 -14.823403742489624 
2.390723189136131 -14.091125823811407 
3.378476500055578 -14.247149529598927 
4.001064540622583 -15.029699292708557 
3.0847187809520715 -14.629311419847909 
4.0835761265642345 -14.677102665035964 
3.3207223838049478 -15.32367374941737 
2.3281470273848215 -15.202042495919516 
2.9826320737342074 -14.445967549829485 
3.0492807283448125 -13.448191043371953 
2.20892364778675 -13.990224231614084 
2.934863586442347 -13.30246613063329 
1.9610149172959577 -13.07526848627533 
0.9746535828580798 -13.239862890572466 
1.94304379548965 -12.99042272524342 
1.0060344734937048 -13.339727077481836 
0.16991998298691857 -12.791172104152292 
-0.416642525791045 -13.601076063456173 
-0.2938920193888161 -14.593513624806002 
0.33649906441981375 -13.817235915829002 
-0.6634007889712057 -13.80308377151735 
-1.5342298860832615 -14.294669657831228 
-0.5559832755295386 -14.502114997475562 
-0.8046785511911776 -13.53353321989373 
-0.9228440065884042 -12.540539299896853 
-1.4654638278673078 -13.380517710068954 
-0.6557772630574907 -12.793655147992894 
-0.42747308005426976 -13.767245000047254 
-0.17302463951801128 -14.734331341129923 
-0.4938925701550023 -13.787207394072974 
-1.2023274606226453 -14.492983566785044 
-0.21817965290997865 -14.670333764344427 
0.6996131872101516 -14.273274193720288 
-0.04819112751121957 -14.937193395795436 
-0.9725932682262616 -14.555774096019654 
-1.5949001296664431 -15.338547479703891 
-2.294915443491676 -14.624419647722696 
-2.2234737653169554 -15.621864426454621 
-3.186081563629843 -15.892763349721612 
-4.146829889872245 -15.615341912874307 
-3.2500249623264503 -15.172915736061064 
-3.50619830090729 -14.206284875494143 
-2.9198705912737495 -13.396210917811336 
-3.3136350702508803 -14.315422283654835 
-2.3165231001401425 -14.391367784258115 
-2.7495147875392005 -15.292765697858606 
-1.8414718127045595 -14.873888680282498 
-1.2289622226040215 -15.66435183694122 
-2.072872738366453 -15.127867875032212 
-1.0732916526419984 -15.09892563838885 
-0.2561527059703196 -15.675366391486946 
0.3757262269357725 -16.450433494484784 
-0.5685111543946464 -16.12116799720596 
-0.152092020980443 -15.211995238415549 
0.42355029938897454 -16.02969684597158 
-0.5194283973418914 -15.696843758992117 
-1.5060714322757849 -15.533946485790764 
-2.190751399608544 -14.805102646320874 
-1.2163824931433735 -14.580146574800526 
-0.6317432121532881 -15.391439931807346 
0.36532126567913026 -15.468006419546873 
-0.30518829057660424 -14.726105526590315 
0.23038658608270546 -13.881617781568893 
0.14123741995617656 -14.877636067635441 
-0.323682318009879 -15.762988899702734 
0.08142704201858553 -16.677257135187993 
0.8707528371791433 -16.06328255176116 
-0.09020814558664991 -16.339966468174456 
0.901787925724295 -16.213697728956664 
0.5213929108584214 -17.13852183799859 
0.2529051135469074 -16.175238752558585 
0.6233683904448923 -15.246391638944074 
0.8507269007152051 -14.272580513618601 
-0.06349476708644741 -13.867366073942565 
0.7308240507914618 -13.25986495002176 
1.2960634825001676 -14.084791846686924 
0.40419022053724973 -14.537077248392114 
-0.41573500272295283 -15.10954788367545 
0.3031438727676138 -15.804683239108778 
1.164584563036193 -15.29682505304736 
1.7058141918697685 -16.137699888485233 
1.2613480648683821 -15.241904229895404 
1.3183879782484274 -16.24027612867942 
1.3473933245659102 -17.239855385109344 
1.573692104435317 -18.213913320875804 
2.3285322090874843 -18.86982216851296 
1.3712007009060252 -19.158814181279773 
0.736065715580129 -19.931215340273642 
1.1764251704816893 -20.82903689853497 
0.9245347768692134 -21.796792668140995 
-0.04555994941466135 -21.554066027583733 
-0.4339419807264213 -20.63256757519537 
-0.41987298715414034 -19.632666548383284 
0.5154005912521173 -19.27874094386285 
1.5032586743166665 -19.123381979769903 
1.0412136607425628 -20.01023845374487 
1.6261804704033564 -20.821295684521633 
2.261775910183384 -21.593317987911135 
3.2399482840278786 -21.801113096244862 
3.042255174399212 -20.820849134648114 
3.9970324194786477 -21.11817120291504 
3.532048464301347 -22.003490310032735 
4.500412608965582 -21.753948964102435 
4.071833879031679 -20.85044452457364 
3.532021681011791 -21.692230002512606 
4.528906302846253 -21.771103640376985 
5.241620337824101 -21.06964893453662 
4.249204171916448 -21.192572299464334 
4.53876278017822 -22.149732585091307 
4.8206447498798894 -23.109181674494756 
5.45343994847145 -23.88350088298662 
6.449707395533227 -23.797180700381336 
6.949658810634646 -24.663234152853 
6.170278275730779 -24.036683291539283 
5.685479581880894 -24.91130905518991 
4.78590178591882 -24.474548492625 
5.5578489350918625 -25.110235207039903 
5.98485176996713 -24.20598492143946 
5.812810311502138 -25.191074631348783 
4.831860069018097 -25.38533379270418 
4.602454099639503 -24.412002964458477 
3.8352971070508017 -23.770543574689913 
4.194843254127621 -22.837416269268935 
4.861762479350348 -23.582546289485755 
5.857000617940848 -23.485072972650233 
6.549888876038022 -22.764027993615592 
6.785619240075531 -21.79220949437268 
6.1199922328770535 -21.04592490570158 
5.940821339808033 -20.062106939268332 
5.916533260618794 -19.06240193817586 
5.581928819669238 -20.004760610920393 
5.424590258975965 -20.992305332600868 
6.374840851166487 -20.68081887696987 
7.356959634931688 -20.49255657438233 
7.737804565750113 -21.417195497784277 
7.166904201096254 -20.596176147441003 
6.315114691299014 -21.120060324525383 
5.612053307158745 -20.408931158950825 
6.468607950830411 -19.89287482248696 
7.0582116107397015 -19.085182106027556 
6.207019446696762 -18.560327935927045 
5.334723217242877 -18.071350136757662 
4.351279329511098 -17.890137224185175 
4.669864236730378 -16.942242896270884 
4.015638781238719 -17.698542475397257 
4.477153760397661 -16.811410059118874 
3.9823443651882555 -17.680411591000436 
4.982028169170806 -17.65526617282978 
5.83236080171792 -18.18151175620839 
5.692441347873247 -19.171674645048306 
6.207634059040305 -18.314600278169713 
7.177213693178074 -18.069824190560507 
6.945360572197414 -17.09707338470552 
6.2041708672603955 -17.768369013542305 
5.2797463281387556 -18.149734024351822 
4.7799985824576945 -19.015905018259318 
3.782656901643383 -18.943038210243024 
3.402469018611873 -19.86794748881905 
4.1384164179527145 -19.190908771016698 
5.118342219505887 -19.39027131376325 
5.9375973612410275 -19.963700483531003 
5.194698944949632 -19.294296313338034 
5.364350215761987 -18.308792154893357 
6.05579573757028 -17.586363549167327 
6.992970603065012 -17.23750358946296 
7.279239040738926 -18.19565304627632 
7.9089216394181605 -17.41880053458535 
8.88455908413286 -17.638189632925652 
8.138040609795087 -16.97282494535018 
9.134355598179113 -17.05859465982645 
9.27390236208314 -16.068379177881276 
10.230208883225508 -16.360745108900232 
9.451580750598591 -16.988230751032322 
10.391051381135645 -17.330860192788734 
9.571595136102612 -16.757718445507695 
8.640135050627048 -17.12156196842085 
8.090702150227978 -17.95709981194385 
7.179407629647488 -17.545344670190918 
6.488257335764968 -18.268055726745406 
6.164725358969292 -17.321838489536802 
7.118204704071741 -17.62329684232041 
8.080454813817038 -17.895463567500336 
8.835966136690107 -18.55059915729117 
7.853261557414626 -18.36541894811373 
6.853770867307148 -18.39733070752113 
7.820160508031698 -18.140248887276535 
7.170225577097333 -17.38025902842884 
6.170245265440609 -17.37398397473028 
5.460725256318562 -18.078669263817154 
5.092004246105146 -19.008209374101373 
6.0651115560483655 -18.777857114865498 
5.5260599264428585 -19.620129838286864 
5.36920386466477 -20.607751312275493 
6.369166899080108 -20.616349556449045 
6.193603527380176 -19.631881424655358 
5.26852915057331 -20.011667413569363 
4.270322730508664 -20.071533455210048 
3.2956486253537314 -20.295163481683307 
2.571534212620783 -20.98484334747063 
3.4804762427152545 -20.56792082957583 
3.710118362755063 -21.54119596883688 
2.8492948579109187 -21.032292349761676 
3.812886332893011 -21.299671237001927 
3.0466930091999966 -21.94228137598843 
3.5727043838481904 -22.792758908755 
4.265188639352462 -22.07132592096009 
3.532821396632718 -21.390416072455103 
2.8282401624078597 -20.680792732662663 
3.426737368023214 -19.879667839234298 
2.57529241425428 -19.355223856809655 
3.5024012663714172 -19.730016034324134 
2.523855941663933 -19.936047700562906 
3.423498128700801 -20.37267561458527 
3.605885455473578 -19.389448853846588 
2.7223780505303026 -19.85786604547217 
3.1304314272629923 -20.77082411774989 
2.5988014141379407 -19.923847418457246 
3.090736074724131 -20.7944795392258 
3.0711267460759375 -19.79467182059688 
2.173946130045925 -20.236335654547553 
2.917579374890546 -20.90492341779323 
2.8552438376016007 -19.90686816842529 
3.7892012716881043 -19.54948390560087 
4.597076676156551 -18.96013058979197 
3.655981648634002 -18.62198838720209 
3.152505190730855 -17.75797944260875 
2.4375065569792413 -18.457105292319177 
1.4458644494227944 -18.32808618318798 
0.4460048620494319 -18.34484343647035 
0.43105947622416485 -17.344955124986242 
0.7961716904795335 -16.413991607440284 
1.6822530411775953 -16.877521369100847 
2.397337594232474 -16.178483400187638 
2.429954088282568 -15.179015459573293 
1.8512490765087501 -15.99455240499506 
0.88172400887192 -16.239544533896787 
0.40731735918079176 -15.359238717303008 
1.234881593677161 -15.920609751274693 
0.707110935498978 -15.071222835690183 
1.0483737711448067 -14.13125492293626 
0.07154808323060424 -13.91721853483614 
0.49756339385844806 -13.012502582113596 
-0.14129520495631387 -13.781826760025897 
0.2440708598095655 -12.859062978700004 
-0.47037449772609813 -13.558754218530645 
-0.8553364422588585 -12.635821771781938 
-0.37431939019773963 -13.512533010233021 
-0.8585480870922689 -14.387474476334512 
-1.7710799667251513 -14.796480061447575 
-2.5883989660538704 -14.220294628330509 
-1.8579941019470438 -14.903309075095061 
-1.2954669674733912 -15.730087898590718 
-2.197911151419198 -15.29928110330728 
-1.280253215350931 -15.696652355879642 
-1.229277898161258 -14.697952442473513 
-1.1893475336232453 -15.697154907436376 
-0.27653059570724836 -16.105523904611314 
0.5118396426027402 -15.490322825819142 
0.256739954916389 -16.45723758387299 
-0.6407124347919129 -16.01612625075304 
-0.6591388486459724 -17.015956469976523 
-1.4539169446452742 -16.409056331469596 
-0.47995311176408295 -16.18235288588621 
-1.4357305502222597 -16.476443838032527 
-2.3245108234430902 -16.01811030671117 
-2.691073114640843 -15.087716794979785 
-3.3689247104839093 -15.822915553148627 
-3.494874943682835 -16.814952114348433 
-3.8887589436310486 -15.895791957147962 
-4.86363425105367 -16.11854324216704 
-5.8018527773271105 -16.464586587656147 
-5.962218953298213 -15.477528995818464 
-6.913880750259726 -15.7846768823552 
-7.907755483866121 -15.895189387977041 
-8.140747472764192 -16.8676680422977 
-9.127336222792604 -16.704442314186675 
-8.432991086539449 -17.424084469540006 
-8.825782751021046 -16.50445698609153 
-8.10749692836952 -15.808708844176786 
-8.943250183270441 -16.357814022555676 
-8.912949107059243 -17.357354839521367 
-8.319683145385639 -18.16236136043874 
-9.061547568120679 -18.832911267813284 
-9.68087386951193 -18.04777756429201 
-8.788874158758079 -18.499813531904152 
-9.74446288828654 -18.794517077858696 
-10.518721184297352 -18.16164735109146 
-9.881230875604075 -18.932105725257223 
-8.89734228811589 -19.110888407333828 
-9.888859345668793 -19.24086503823967 
-9.094478632728524 -18.633444851788386 
-8.918027807240783 -19.617754308303304 
-8.909483790154523 -20.617717807523167 
-8.654578960292364 -21.58468395362806 
-9.447028053343569 -22.1946220118949 
-9.942703830036212 -21.326114369786815 
-9.358607184483722 -20.51443025102242 
-9.485416058993117 -21.506357420398107 
-9.527456459092264 -20.507241508824528 
-8.835928865638397 -19.784891463838093 
-9.759982068688855 -19.40262757863287 
-10.351130920299644 -20.209190059311982 
-9.451398434702991 -19.77274824834279 
-10.040845572589884 -20.580555200304055 
-9.446685738602762 -21.384902197362162 
-10.423731093011835 -21.171870801958455 
-10.479553101628522 -22.170311537983384 
-10.04223795720628 -23.069619863564192 
-9.0560666140054 -23.235348804456763 
-9.164829920653952 -24.229416479782177 
-10.065185844363086 -23.794262242020583 
-9.118603265825492 -24.116723746713962 
-8.909196407679639 -25.094552345069257 
-7.99281975149616 -24.69423519080031 
-7.643444597293898 -23.757252265861897 
-6.900426714193899 -24.426523829125717 
-6.973502638884887 -23.42919744863107 
-7.386593079670311 -22.518507442244864 
-7.816230576824528 -21.61550599095087 
-8.226807268811244 -20.7036799220116 
-7.251317745745114 -20.483634039550207 
-6.481694777630979 -19.845135420169406 
-6.01136546302764 -18.962644436745354 
-5.407944317455478 -18.1652217627033 
-6.345778394955917 -17.818137849104726 
-6.583429487159157 -16.84678726441627 
-7.230270638409544 -17.609412024733608 
-8.08434580302676 -18.12956163127395 
-9.066181551718271 -18.319294502941933 
-9.99744415248873 -17.954945812253687 
-9.368704346376065 -18.73256156325762 
-8.394064623508442 -18.508781737070088 
-9.17794056313339 -17.887864261653988 
-8.307990931843772 -18.38100484913291 
-7.3096155965256155 -18.32402511739997 
-7.502860173207384 -17.342874500224866 
-8.252640396662455 -16.681187552706888 
-7.7737274128848055 -17.559049930286193 
