0 0 
0.8156003632119342 0.5786156302145329 
0.3293477172897186 -0.2952026371235015 
-0.36256704470388207 0.4267765607314914 
0.6361935770728575 0.3770048781384706 
0.958523040759633 1.3236324273041369 
0.10083072409137683 0.8094691361910511 
-0.5133109269480327 0.020273322429606888 
-0.037872288901758144 0.9000222078808495 
-0.8568871493858945 0.32624990260100195 
-1.7878297868351303 0.6914153524714145 
-0.8009715997602179 0.8530040853806655 
-1.6756106888484676 0.3682294327441268 
-1.3976449359924854 1.3288204176274991 
-0.6854772779496331 2.030829838388901 
0.3140626401888772 2.0004991270939096 
-0.6452458711951816 2.282859145485503 
-1.4234750402338727 2.910839527708824 
-2.327246315963434 2.48282377897268 
-3.085537469752384 3.1347398211785933 
-2.404946052849545 2.402076649428992 
-2.8725464945155257 3.2860165947611284 
-3.4627907084215357 2.4787918627623644 
-3.2464909317901505 1.5024648649643866 
-2.940871051949096 2.4546184707685863 
-3.9356364056128967 2.55680404289173 
-4.37781409908095 3.453731513426149 
-5.309476846860086 3.0904072444863626 
-4.3617697464462974 2.771265815296594 
-4.396168335991812 1.7718576218954794 
-5.152653195161671 1.1178464156866261 
-6.1378801326018015 0.946592563927487 
-5.463879853568374 1.685323654286395 
-6.1285609442480755 2.4324508507481766 
-7.099451581915436 2.6719740640070726 
-8.092820818462059 2.557006416893714 
-7.4376113458592865 3.3124536665489086 
-7.134040255334895 2.359644875133846 
-7.210214683657312 1.362550367842911 
-8.116904915742778 0.9407532329062178 
-7.193555518954244 1.3247140270639695 
-8.078271205951795 0.8585829798460745 
-8.968670160805164 0.4034020255037059 
-8.289344453700792 1.1372389172358837 
-7.3614308032928095 0.7644437222741841 
-6.5686604102982 0.15492333377912126 
-6.904818583399337 -0.7868822101933624 
-5.915031719598396 -0.6443270831473773 
-6.281167673997179 -1.5748884529110765 
-5.510238728912335 -0.9379672948150608 
-6.487823669549229 -1.148508701288846 
-6.170030700015614 -0.20034857319074506 
-6.548655944042742 -1.1258986391436345 
-7.098601114018967 -0.29069787883518006 
-7.9514751600990525 -0.8128145913841882 
-6.965580662810329 -0.645446612918128 
-6.883194030654663 -1.6420470558450049 
-5.8856092357633365 -1.5725878807733882 
-5.100228608375851 -0.953574738647602 
-5.442625036859408 -0.014019159790393476 
-6.3698587996892835 -0.3885022022213552 
-6.664483183238384 0.5671109374006953 
-6.7081087918426405 1.5661588873379886 
-6.271069803316236 2.465601449432877 
-5.338610657775641 2.826876887150006 
-6.220705462175179 3.2979488095263463 
-5.220875855637273 3.316408438186149 
-4.427224475424131 3.924781257011722 
-3.525781598052496 4.357679326811008 
-3.6367687845694663 5.351501164178776 
-4.018741450984072 6.275674785373472 
-3.4833071411422685 5.431097909154242 
-2.6083022210745823 4.9469838834770865 
-3.47651102509153 5.443182908695255 
-3.7719673432964047 6.398539158495726 
-3.721201496972313 5.399828575370165 
-4.546351089454438 5.964742860927347 
-4.912045249499817 6.8954779367188985 
-3.91222700057357 6.876413070759406 
-3.148419473507211 7.52185715168104 
-3.020481810557231 8.513639362853885 
-2.4639154073852865 7.682836234031994 
-1.776750304357218 8.409337521835687 
-2.6877651560723463 8.821711066033739 
-3.1123384434782153 7.9163174921547474 
-2.524490238753012 8.725288745167706 
-1.9171322003095037 7.930860514842239 
-2.6246412346795447 8.63756481388447 
-1.7334322091760306 9.09115766310178 
-0.9353123278862246 9.693656339523518 
-1.743562245491697 9.10481674278197 
-0.7944239290471931 8.78995731977403 
0.03757031638865349 9.344741580150654 
-0.9480503035048717 9.513714932016276 
-1.9466360619473353 9.566879610477542 
-2.527139478221621 8.752621798912998 
-1.5271595424698545 8.758956472850373 
-2.481207380328116 9.058610812178166 
-3.3041542939624966 8.490492534581286 
-2.6422860516954683 9.240112724996642 
-3.4890626528234234 8.708164054745284 
-2.5800159847344086 9.124858373444567 
-2.965138295185295 8.201992832862967 
-2.014311727040051 7.892269024754618 
-2.971617403592346 8.18134659503767 
-3.486517387014501 7.3240963357365345 
-4.339042174670169 6.801409540004465 
-5.277179736496139 7.1476723232937225 
-5.6792757632099935 6.232074821494525 
-4.830692409890059 5.7030131119858005 
-3.8409104845901436 5.560423700213422 
-3.804187658376299 6.559749189748672 
-3.4946953539206973 7.510651137103267 
-4.413195077627782 7.115229517120231 
-3.5962416818122525 7.691933209726299 
-3.454783847766712 8.681877491586215 
-2.4647075794558932 8.822408566184412 
-1.7236327142856633 8.150986162467554 
-2.6532529523336126 8.519505107722305 
-2.3696298764447117 9.478440950635331 
-1.395978861958564 9.706484152660947 
-2.381441736615481 9.876375066699707 
-3.327257997227677 9.551672739696091 
-4.035282919711228 10.257860185876043 
-4.889687992633225 9.73825266922029 
-5.616148466529591 10.425460919946566 
-6.079952445072646 11.311398767364564 
-7.051316112651696 11.07380115519774 
-6.225987439681865 10.50914853493121 
-5.67466213423759 9.674858173260422 
-5.585858197461738 10.67090729896312 
-5.016535075808322 9.848793448483269 
-4.157209351222501 9.337364764241709 
-3.2194770621449695 9.684723590272391 
-3.9947376606962126 9.053082074589668 
-4.4149575602421685 8.145659771565555 
-3.489772089634995 8.525175047908132 
-2.613651798675493 9.007267607246105 
-1.7931664509406806 8.43560005162266 
-2.7816530202905505 8.586908683943902 
-1.8824195413079987 9.024377711735513 
-2.1074498273234745 8.05002594241614 
-3.086453413514601 7.846182918927687 
-2.741425181009736 6.907590611919703 
-2.740936479965715 7.90759049250534 
-3.535780344262746 7.300776491851628 
-3.489369502263305 8.299698928152317 
-3.756216679598356 7.335960071434214 
-3.8379128438068206 8.33261735292752 
-4.615010037899529 7.703236743968806 
-4.030886068852275 6.891572288183977 
-3.358881158243639 6.15102559815162 
-2.5455914944811675 6.732884621298229 
-1.6634672753311923 7.203901459626804 
-0.6635395213450466 7.215921726188823 
-1.5037250718573063 6.673622693633526 
-1.911576315351717 7.58667108401602 
-2.6102148497863205 6.8711962778885995 
-2.569381137112241 5.8720303217485545 
-2.384673547940494 4.8892367999433075 
-2.2855288296206187 5.8843098248159915 
-3.16700680984159 6.356534951620524 
-2.188877285558914 6.564531667283407 
-3.0284531584705396 7.107774111892333 
-2.076281401457039 6.802210787611059 
-2.16473103012399 5.806130136665224 
-2.7159669298280202 4.971780699751955 
-2.059183339771822 4.217701581997796 
-1.7925767792195224 5.181507030140974 
-1.4284648998314675 4.2501518136480945 
-0.9526709418055341 3.3705950448684914 
-1.93683855186845 3.547835320491861 
-1.630672039222529 4.499813296358023 
-2.628694740885957 4.43695880595016 
-1.8486690844731763 5.06270633917567 
-0.8584436297243137 5.20218231835276 
-0.04455137393875874 5.783198149438541 
-0.010975884457359732 6.782634333747517 
0.9745726769116858 6.613241201704318 
0.38155816863595515 5.808049427668782 
-0.2873913297599786 5.064741571800281 
-1.2872369710733076 5.047171894889813 
-1.026287748345675 4.081819366971724 
-1.9468955328565714 4.472307916225015 
-1.0817140357880257 4.973766765115161 
-1.732649045561046 5.732900227064901 
-2.6777462882471346 6.059689458630374 
-3.6692597092193626 5.929685089350148 
-4.356693305582237 6.655932327273711 
-3.48128591319986 7.139318195253204 
-3.1679680670678962 6.189669877561214 
-3.5724872855857677 7.104199375089692 
-3.2112504604853056 6.171725270252813 
-3.5210160850824055 5.22091232449641 
-3.713899464478963 4.239690636011813 
-2.7840861955582232 3.8716590002263445 
-1.8871864775531577 4.313892983364721 
-1.8948746787017712 5.313863428709531 
-1.6316200356231874 4.349137046310062 
-1.5829522313749904 3.350322025983646 
-1.8302320464206874 4.319266138443681 
-2.81970085902076 4.174519916068786 
-2.918877834572862 3.179450105693485 
-2.9857647361043202 4.177210669357695 
-2.1088081066104847 4.6577801960516085 
-1.437342962337685 5.398816335539224 
-1.9181535196501627 6.2756408379208946 
-2.744822374169032 5.712952109609708 
-3.1964846143416477 4.820763104520397 
-2.4186365827859433 5.4492155210205775 
-1.655061205457028 6.094934223813833 
-1.331732042690529 5.148647664411917 
-2.3316610378172555 5.1367310917144 
-3.026253668714891 4.4173278132240235 
-2.9858758735215445 5.416512297518753 
-2.126878453608273 5.928492211755965 
-2.141758051941622 6.9283815044046255 
-2.260899056522003 7.9212588488070335 
-1.4873404108157797 8.554983569528225 
-0.7226217260000649 9.199347855544858 
0.17342118498194303 9.643315311197735 
-0.7246656786604925 10.083133438783324 
-1.702083698358181 10.294448404581416 
-2.52581198551459 9.727463652636208 
-1.6754178319678337 10.253609814471012 
-2.5440824341580566 10.749010469397609 
-1.64348406762673 11.18366272373561 
-0.9860183360521296 10.430178276779287 
-1.0734739100716524 9.434009855992462 
-2.0526694988727625 9.231091155837827 
-3.050962313984558 9.172683491133897 
-3.6810177141024303 8.39613330422882 
-2.6873776926101973 8.50873662429051 
-1.743112789758606 8.83792318726457 
-2.7425132678643784 8.80330116592043 
-3.692213259296187 8.490139983341198 
-2.9520940254645005 9.162615648114576 
-2.040710070684045 8.751058499022573 
-1.04878740439906 8.62421440530873 
-1.6795506690590645 9.40018972962997 
-2.6345208732677747 9.103488012288167 
-3.2939511811373157 8.351722311379245 
-4.144180901656201 8.878134148581239 
-3.201215564260131 9.211025080373496 
-2.6027213187787037 8.409897975523325 
-2.805439943878509 7.430660946486103 
-2.026500289675396 6.803562058662233 
-1.0334124208074829 6.686188787823483 
-1.0326743808441852 5.686189060175014 
-0.8101670336860959 6.6611200733552645 
0.04033543257510608 7.1870911323343805 
0.6871229647674225 6.424420896780001 
0.0002778099089665309 5.697617117725803 
0.5532621148909781 4.864425448034151 
0.6048220509446732 5.863095349950765 
1.3423393013137865 5.187767055409522 
1.2235039214445986 4.1948530850720385 
2.2225011819316434 4.239624432375639 
1.2745753349135054 4.558115544582787 
0.6391838019646593 3.785925412648355 
1.202557613439665 2.9597232893491436 
1.9767771075337686 3.592640483747171 
2.303081257247351 4.537905315357707 
2.6217403824414434 5.4857746955628786 
3.1296907299209065 4.624388345255716 
2.5906698510262864 3.7820959422769933 
2.824945936300929 2.809925835830396 
1.8994059680817985 2.4312759088147797 
1.2517183602808526 3.1931819152887333 
0.2887374252621875 3.462751421706981 
0.40004761284495105 2.468965709322118 
1.3724651590880688 2.235718810610658 
2.00502726697881 1.4612091724131582 
1.7566918343871527 2.4298832728822037 
1.058959130635828 3.146241475261339 
0.09861702632929126 2.8674170812494575 
0.9446139286496836 2.3342292707508485 
1.1283964183658606 1.3512623351554933 
1.9681901044000107 0.808356666648362 
2.9672865994069397 0.8508560038769479 
2.2189610498192964 0.1875243584428169 
1.2907877858803154 -0.18462398846854416 
1.6020418485760333 -1.134950726204261 
2.040502472257681 -0.23620032621508702 
1.3931781837727548 -0.9984150371315611 
1.8987405246250992 -1.8612051156048233 
2.892051656940082 -1.9766737018918605 
3.815235934711522 -2.3610313338905304 
2.8728981965976637 -2.695694727954562 
3.101318796278116 -3.6692572732702815 
3.4555754961236103 -2.73410905474309 
3.452816503621237 -1.7341128607701473 
2.4733941040953216 -1.935933977868676 
3.3607628723683645 -1.4748736031957024 
4.2373157422453085 -1.9561791883601516 
3.5958948071962213 -1.1889900434416676 
2.761052716627132 -0.6385005487060887 
1.9026076157285723 -0.1255950908064274 
1.1105701410663293 -0.7360675625286639 
1.1507546605247145 0.26312471346024635 
0.5554004185103701 -0.5403386189423751 
-0.44034856232129016 -0.6324470722607856 
-1.4090709283081106 -0.38429998354746486 
-0.4093166108838987 -0.362134587281029 
-1.227890312203408 0.21226692343084108 
-1.1376925201702905 1.2081907951762423 
-1.069390070094287 2.2058554559283485 
-2.0685944142616495 2.165972143665311 
-2.4812230562297373 1.2550728057428535 
-2.734118668685261 2.2225663763678707 
-2.509306307103428 3.1969684505035936 
-3.5090588011034884 3.2192159389159816 
-4.326125828287263 3.79575862865289 
-4.314489372551116 4.7956909228098 
-4.550637616460252 5.767407963361539 
-3.576833047602807 5.994794554154327 
-4.430819065465825 6.515090509639726 
-5.0369885232703115 7.310426029043339 
-4.053118373777968 7.489310150579921 
-3.978167581291329 8.486497384105112 
-4.974053832682727 8.577109603422313 
-5.756512986313804 7.954407690064936 
-5.23399702709171 8.80703719480789 
-4.462349778142824 9.44308791856317 
-5.444714838554043 9.63006087939778 
-5.618710461596214 10.614807305216207 
-6.4770734248447654 10.101764399288092 
-7.435147924947771 9.81524519879295 
-6.506212129512767 10.185486050076996 
-5.521592186228993 10.010776098191428 
-4.5252709764401455 9.925078683266086 
-5.520518811632978 10.022452943437763 
-4.64232796711252 9.544142541501484 
-4.7511809481952225 8.55008468176222 
-5.331747677285792 7.73587201109621 
-5.157584223890478 6.751155254103917 
-5.794532237806646 7.5220620108315055 
-6.556980551473146 8.169111134922645 
-5.804068791921806 8.82723261484053 
-5.27095620937274 7.981188304932434 
-5.0561164899598925 7.004538984570919 
-4.368610861568238 6.278359935761469 
-3.921356402968085 7.172766694044458 
-2.9222044096211373 7.213940644435708 
-3.555222455221681 7.988077682655731 
-3.062715713669985 8.858386311549028 
-2.063416924305473 8.820943961534367 
-3.0539969570498653 8.684008945091824 
-3.726477496759288 7.943894140678263 
-4.30860748751001 8.756989875428214 
-5.2919309454015195 8.575124603426422 
-5.552184943109899 7.6095844143732645 
-6.523248759391201 7.848404565761696 
-5.715135598809049 8.437431831424266 
-6.055202496311254 7.497030584496539 
-7.026940904556923 7.260970283005218 
-6.382766348647512 6.496091768782918 
-6.26532964543629 7.489172138510806 
-6.859043289030014 8.293848538941852 
-6.514959163879317 7.354909715152314 
-5.587656616010346 7.729222398233872 
-4.653369361440481 7.372701254473358 
-4.253611620971536 8.289322086079952 
-3.4714698856094284 8.912422644420861 
-4.109020179318357 8.14201390680708 
-5.107794201970943 8.191515943880013 
-6.090852409867774 8.374809587759637 
-5.810334743588854 9.334658450292395 
-5.175345913492976 8.562137133011461 
-4.615591340612681 7.73347868821071 
-4.384133223645208 6.760633818722325 
-3.579614929970116 6.166705948402942 
-2.783209895963729 5.561942340197814 
-1.992877425623599 6.174620548008463 
-2.9897752166011244 6.095913532157716 
-3.9722885378699733 5.909721229606682 
-4.509447398459122 5.066240134092048 
-4.964411087583879 5.956750123692385 
-5.141252056960408 4.972510685572793 
-6.124567234718157 4.790600649590042 
-5.916858982664521 5.76879147045723 
-6.782976155737929 6.268632487689038 
-7.138900344651926 7.203147319966146 
-7.217393221510162 8.200061994490762 
-7.658081907707941 7.302401991005436 
-8.65335522711605 7.399515428151719 
-7.894639482158409 6.748093584525507 
-8.31298502403865 5.839805630411324 
-7.634204417496534 5.10546450519613 
-8.337743402859827 4.394807839798563 
-7.758876751062859 3.5793856182241397 
-8.661471160192074 4.009877584012914 
-7.681216455398359 3.812138579944957 
-8.592402492568104 3.400143427465105 
-8.498524273996514 2.404559739331443 
-8.19178698870666 1.4527655190227615 
-7.2054818831567 1.287834506881074 
-7.355690522602905 2.2764888269726415 
-8.330900342039191 2.0552066359245456 
-9.232081799471944 1.6217646204491405 
-9.19720789148176 2.621156340717771 
-8.279937022673703 3.0194202648134794 
-9.249400945149954 2.77418628874784 
-8.846267347287405 1.8590451508492114 
-8.018876497258645 2.4206717005142777 
-8.689336971675068 3.162616949333425 
-9.187135992135312 2.2953245331156755 
-8.270214683708863 2.6943925901604953 
-7.271876909983489 2.7520266907699766 
-6.945112692403229 3.6971325822494236 
-5.954107654992976 3.5633080111591258 
-5.047943274945058 3.9862336740508124 
-4.392684555612216 3.230829139554041 
-3.7971341975089903 2.42751116330608 
-3.0402174090501486 1.773999896877449 
-3.8008694862672994 1.1248401188372243 
-4.774732575298756 1.3519759456504088 
-4.753550200384285 0.3522003173252416 
-4.210422198255429 -0.4874495938303053 
-3.3838244350029165 0.07534356336507397 
-3.4134856072593283 1.0749035739999409 
-3.2925280441545013 2.067561253125903 
-3.48244101339421 3.0493621820898946 
-3.083119248899633 3.9661730286667325 
-2.1391821516586624 4.296298393418201 
-1.657485130909949 3.4199605703146827 
-1.8027361790539902 2.430565738605391 
-2.059018260251135 3.3971677740146182 
-1.8489653153458163 2.4194777616197882 
-1.3525416806170556 3.2875581581745577 
-1.8533796268092095 2.422017083670277 
-2.2998072411803037 3.3168368337467564 
-1.3162115311822173 3.136449807402398 
-2.056292603877822 2.463932145301451 
-1.2021891379574465 2.9840352788267186 
-2.1847628231298692 3.1699087659266403 
-3.1590176240901204 2.9444590313827708 
-2.552274728594397 3.7393571750247507 
-2.3221527440392826 2.7661953836331983 
-2.0993263588273985 3.7410535282129134 
-1.7601171691931234 2.800342560025735 
-0.7673760192799494 2.9206131269532616 
-1.0100641110305604 1.9505087562165624 
-0.9385094242200396 2.9479454343046747 
-1.1419076840736413 1.9688493471464599 
-0.1637129122357449 2.1765389914453652 
0.728581176110795 2.6279935959205187 
1.7184048181802152 2.4856940611341103 
0.9042980684422709 1.9049788124699134 
1.8124463283579935 1.4863301076922142 
2.8075774824286137 1.3877705510877125 
2.295015906429556 2.246421021773755 
3.17766296787336 2.7164573660330236 
2.1889359405015596 2.566728059133795 
3.0456835256381516 2.050992104053467 
2.152335971318681 1.6016257199175146 
1.4846527438958228 0.8571802163256157 
0.7643977007047559 0.16347085877172318 
0.1477797345781896 -0.6237916665969983 
-0.5214633442854002 0.11925187276875315 
-1.252635346431607 0.8014450296367384 
-2.2211861257567724 0.5526290577446298 
-1.7738276679721592 -0.34172568744799936 
-1.8235247004698965 -1.3404900264994688 
-1.02558197443786 -0.7377567472020977 
-0.291893540851194 -1.4172427900470883 
0.2497078856133509 -2.2578782014184924 
0.6814206541839398 -1.3558670676440157 
0.4896549741071872 -2.3373078065298136 
0.48869391830567 -1.3373082683440471 
0.6056653297098166 -2.3304435506264367 
1.4328357942387302 -2.8923946362299984 
2.306805570633811 -3.3783749135540195 
3.166143629017993 -2.8669669536897793 
2.1762422310204377 -3.0087245716243554 
1.2396934800353923 -3.359261926307635 
1.9446506517291366 -2.6500120506801825 
2.7503029864228843 -3.242400703173217 
3.7494551983645694 -3.2835693486699733 
2.750662961238854 -3.234436192274228 
1.9677437957446438 -2.612312747689595 
1.1090594961380495 -2.0998078466309487 
1.9519327649570917 -1.561695727542089 
1.707167546526922 -0.5921133494808789 
2.3840787995651165 -1.3281779903313014 
2.8136326398740223 -0.42513674084384245 
3.212401314412542 -1.3421882902165 
3.5656722950362125 -0.40666725130332293 
2.6294072780376845 -0.7579617402221586 
1.7244254047587146 -0.3325116150177035 
0.7258551933185236 -0.2790557189510198 
1.6447972510172653 0.11533684511732378 
1.5914145464567127 1.1139109719871325 
2.507696363567664 1.514445154837801 
3.4822987433753547 1.2905027486857152 
3.723339905744733 0.3199878554235773 
4.585955081283992 -0.1858728555724175 
4.065355930539467 0.6679283649959763 
4.092043563026839 1.6675721867005966 
3.1594424007254984 1.3066635111686984 
2.1718600125419583 1.4637654734406413 
1.3387345995453166 2.0168495956310863 
2.128107555143811 1.402935646473961 
1.7839863755952234 0.4640104024922642 
0.8929986887561849 0.009982934269008426 
0.8473897607366732 1.0089423056575104 
0.4403827659805667 0.09551726427775786 
1.0595001773061345 0.8808156986283733 
0.36763622273424 0.158787812488136 
1.3659005936282058 0.09989599808515857 
2.186052346882368 0.6720420473017237 
2.0342190436023477 -0.3163640676202134 
1.4843897020080155 0.5189129493759106 
2.4719801670339745 0.6759641301731605 
1.6432825877219424 1.2356607641119206 
0.674490907282419 1.483537104070305 
0.9955278380672298 0.5364704279211182 
0.8463341796584855 -0.4523375677436695 
1.7700559627833572 -0.8354016190204858 
0.9631053666550448 -0.2447826763779719 
1.8644209439617985 0.1883803761832934 
2.122254663704216 1.1545696811146762 
2.294176290858638 0.16945905072001033 
1.299356977952815 0.06780013734008941 
1.2737247226448911 1.0674715771080912 
1.6913361248762755 0.15884584737866236 
1.8959194591206272 -0.8200033030778643 
0.8965490795950816 -0.7845231039948978 
1.6830426209612153 -0.16692460222424266 
2.523251338741024 -0.7091877399782391 
3.464439027624369 -1.047071942471382 
2.4647085282299868 -1.07028677782852 
3.1043045173841546 -1.838998017929705 
3.972329734422024 -1.342477904957068 
4.946858146702083 -1.5667419762188435 
4.241900616520094 -2.275991495527605 
5.033030008197476 -2.8876403209365775 
6.032895104342938 -2.9040655914069884 
7.016085218880475 -2.7214808202028595 
6.724408976303154 -1.7649637165837053 
5.883289265390782 -1.2241147247988575 
6.565401084080768 -0.4928668415175176 
7.0475971961846895 -1.3689301437233925 
7.0387520335275795 -2.3688910245070205 
6.278752757693739 -3.018814943694519 
6.1671739714603 -2.025059352785631 
7.142262376466926 -2.246875949147657 
7.382097578653948 -3.217689564519789 
6.551188224459165 -2.66128175983728 
5.761397781966017 -3.2746585257377157 
6.411921718521485 -2.515172773423443 
6.5271929577371255 -1.521838720141421 
7.504933901448285 -1.312022974805636 
8.084209548451563 -2.127154697160333 
8.441076794259104 -3.0613098068020563 
8.263804835772588 -4.045471710522351 
8.218011718149588 -3.046520765591437 
7.689514968283369 -2.197585440975455 
8.283638863936524 -3.001958983935391 
9.177647599296865 -2.553909454196318 
10.139904748993516 -2.28176762011402 
11.10001062550334 -2.002130880948189 
10.202656754215603 -1.560819166074325 
11.202632356028841 -1.5678045635755649 
10.876987933308024 -0.6223122526862456 
11.876899020998605 -0.6089774593455335 
12.10879793840462 -1.5817173485789904 
13.108786414326303 -1.5769165128360398 
13.40199777905351 -2.5329641557884237 
12.420442954489758 -2.7241450292450096 
11.605026801913995 -2.1452698284300658 
10.610541258200438 -2.25014357798043 
11.605283615725156 -2.3525527677348896 
12.57931696728115 -2.1261481961012803 
11.58471142694076 -2.229877744081612 
11.084574186076154 -3.0958238973153667 
11.681997582675942 -3.8977498821762966 
11.280391663250837 -4.813562464249024 
10.933481299145567 -5.7514607525918215 
9.993539669377697 -5.410125532274143 
10.516164500176657 -4.557562756736553 
9.520452054889807 -4.465060182173023 
10.173278929162539 -3.707553038822351 
10.029956661821682 -4.697229110920831 
10.805315514725677 -5.328750012572867 
11.552181502539671 -4.663775429414511 
10.608556032075589 -4.99479049174769 
9.758108381616621 -5.5208501783126485 
10.750017038057798 -5.647803781164478 
9.816345131396016 -5.289674236571252 
9.967767804340122 -4.301205130266729 
9.116292303001504 -4.825599514885929 
9.252964341689948 -3.834983164404702 
8.70774700362225 -4.673277894359731 
8.732476205668178 -3.6735837078375866 
8.186104933077766 -2.8360406149235957 
7.939532422211617 -3.805164960343296 
7.7000307336540645 -4.776060908000964 
8.487536315733736 -5.392368427177354 
8.780983698146006 -6.348343653715881 
8.574718246130027 -5.369847581519041 
7.69585112815763 -4.892780931094919 
8.635336381129502 -4.550191585889353 
9.039776333249904 -5.464756140816366 
8.365924024944324 -4.725890072715225 
8.68398984377966 -3.7778214386551126 
9.593222460060678 -4.194109859693668 
10.355656441454052 -3.5470438475923927 
9.531270446027694 -2.9810158177697583 
8.537999386499713 -3.096828607668632 
9.528850289227075 -3.2317896708104676 
10.375683321016698 -3.763648501958354 
10.224259687855945 -2.775179542749013 
11.214007698941952 -2.6323549140910183 
12.192515309853524 -2.8385656203798213 
12.761834873654442 -3.6606819347013007 
12.181909004250244 -4.475351184149066 
13.177645326538396 -4.383105986571821 
12.638369132095269 -5.225234947068334 
11.644215531435536 -5.117259865242536 
10.841649157288819 -4.520697031092612 
9.91676145796669 -4.900937407226734 
9.158440517379946 -5.552818800631728 
8.197337158971814 -5.829007747652803 
8.026317696192336 -6.8142753982689275 
8.694757775358408 -7.558041396795653 
9.681673337474162 -7.719279336666338 
8.802939487622465 -8.196591416049225 
8.622976478387026 -9.180264794415706 
7.637918821295002 -9.008039905957698 
6.99003808900536 -9.769781697333121 
7.884093335523141 -10.217738409721752 
7.852782371477968 -11.217248101285852 
8.49791628516977 -10.453178579969435 
8.245807960209541 -11.42087759954409 
7.336828737487343 -11.004036175667638 
7.535427175450913 -10.023955229807333 
6.646850856633492 -9.565226414888452 
5.650648889709936 -9.652299034566735 
4.827493705985856 -10.220115504483006 
3.8277438995138358 -10.242483438208714 
3.9413749285716366 -9.248960419232674 
3.50397906709762 -8.349691349173327 
3.091781147439272 -7.438597020890393 
2.3103818789023456 -6.8145656249414746 
1.5940322201748363 -6.116824149579015 
1.6039790317549676 -7.116774678825032 
0.6920533651467512 -7.527130108399396 
1.59222570990365 -7.962663975894068 
0.6612604334186144 -8.327771705172895 
1.4508024794753869 -7.714075234995263 
0.6970422195689489 -7.056925731011749 
1.073694676662878 -6.130571086955216 
0.4416852935183173 -5.355610352713002 
-0.4854891731564921 -5.73024018113872 
-0.6299780824904752 -4.7407337612103415 
-0.041574179555827984 -3.9321666044377737 
0.7446596273295192 -3.314237481551844 
0.4970842435618694 -2.3453688478597936 
-0.49894644122597087 -2.434379380725662 
-0.7066154680220084 -3.4125785298305806 
-0.5758335262274812 -4.403989687575163 
0.39877061301855543 -4.627924436474239 
0.7233890329353487 -3.682079374399734 
0.34018960307288076 -2.7584137439072496 
-0.6419422843997793 -2.946607674758885 
-0.7066344212060628 -1.9487024049885338 
-1.4957334668910707 -1.334436423430862 
-0.5119928120280682 -1.5140313119152258 
-0.6918479890009624 -2.4977244120821673 
-0.6043474674245015 -3.493888885813211 
-0.7483768081123915 -2.504315468111921 
-1.415676460868157 -3.249104816472942 
-2.39236726467472 -3.4637558676226847 
-1.5624142571096429 -2.905922554496189 
-1.4152536437560075 -1.9168099451956189 
-1.0188912659764278 -2.834904093679813 
-1.4767817560736012 -1.9458954890653413 
-0.9237569401142068 -2.7790602704459983 
-1.8038619505083542 -2.3042811947917343 
-2.777685703797065 -2.0769767787970417 
-2.465133170545104 -1.1270763029798212 
-2.7869496833086895 -0.1802742475782263 
-3.5822404806577417 0.4259538841114112 
-4.321213915691898 -0.2477806795810118 
-3.635976760040851 0.48053933285532346 
-4.333494386944197 1.197106957130329 
-5.317700583605292 1.3741328378763367 
-4.898106670256772 0.4664209078672208 
-5.891493585523337 0.5812357003687935 
-4.948573963486127 0.9142560997097415 
-4.825250253337797 -0.07811039635673211 
-4.620638891287713 -1.0569536884724873 
-5.609005500534223 -0.9048634332732867 
-6.606750448086778 -0.971982876308427 
-7.485169186547062 -0.49409113132652965 
-8.297351734628592 -1.0774945154372113 
-8.787728992927324 -0.20598424897822165 
-9.473321009179879 0.5220017311414217 
-8.59101327012624 0.9926747106144911 
