0 0 
0.43486579417372645 -0.9004952754221724 
-0.2508180655509556 -1.6283947496032316 
-1.238194963287382 -1.4700064235927888 
-0.8638594422393893 -2.3972997524169144 
-0.011718786894563848 -2.9206125685302706 
-0.899264221068244 -3.3813327680846785 
-1.4188574632943562 -4.235746521855623 
-2.405957175267441 -4.39585323196689 
-1.4356369617548577 -4.63767689344131 
-0.828176396091257 -3.8433270579383008 
0.17180917556055397 -3.8379552343931067 
-0.6253246275596084 -3.234152534893356 
-1.4705672465185886 -3.7685352770317646 
-2.14355801875877 -3.028884399604066 
-2.631583035056937 -3.901714041325275 
-3.3289949794580083 -4.618384523350813 
-2.492296385819012 -5.166048164103534 
-3.0294185371937585 -4.322543691973976 
-3.0173010932510773 -3.322617110892997 
-3.194468904007788 -2.3384364532738413 
-3.407836275078662 -1.3614644142868988 
-2.5234005824097316 -0.8948023250475555 
-1.5733225302878067 -1.206814656336254 
-1.8594531037054876 -0.24862402031664177 
-0.9700630500939129 0.20852511567379223 
-1.9113382083785964 0.5461655699978324 
-1.4816087936957016 -0.35679214227683254 
-0.9730017760478532 0.5042066391388912 
-0.3416380803789725 1.2796935080098817 
-0.25277790370664077 0.28364939804197364 
0.7471989393718236 0.27684400996867514 
1.2170082463867677 1.1596119381593961 
0.22098257252990428 1.2486785257104027 
0.40375101013386894 0.26552253695998795 
0.6498364872182938 -0.7037255932771207 
0.6278192321908376 -1.703483184136553 
0.7753031986232554 -0.7144187374773064 
1.643360825910929 -0.2179552889660445 
1.0343320284572042 0.5751928207033097 
0.18402248384060105 0.04890993257763154 
0.3923366895578696 1.0269718895601039 
0.47998140252468136 2.023123687374556 
0.623702335369914 1.0335054309432712 
1.542070456184133 0.6377782589267915 
0.8599008597248802 -0.09341572468263348 
0.8829207058731727 -1.0931507329139691 
1.5063481429692613 -0.31126952027626764 
2.4736320862623757 -0.5649657422570518 
3.473326201750149 -0.5402336687669713 
4.276910822756586 -1.1354241902657105 
5.189780236521426 -0.7271725112579723 
5.990782539020184 -0.12851124527219993 
5.528795780144909 -1.0153980670391705 
4.990845862922156 -0.17242126631448096 
4.080343688337847 -0.5859255469177713 
3.856815021088677 -1.560622902468616 
3.836079097128969 -0.5608379148550106 
4.0567990256184245 0.41449931562868714 
3.2478191760669315 1.0023356899877802 
2.9590968032728506 1.9597485536198476 
3.497851924640522 2.802210967737003 
3.6898274751500324 3.7836106763198876 
4.407074265783729 4.480429907774978 
4.226743855978919 3.4968238162425855 
3.231971327143658 3.3947081177692358 
3.805080290619495 2.57522894415733 
4.378238201146364 1.7557840042129351 
4.106015837781069 2.718018375290903 
3.427435377577503 3.4525444531328793 
4.419583916644889 3.3274793643732603 
4.406005800190866 2.3275715512456894 
3.7591807142948404 3.0902099375439396 
4.662531224818378 2.6613068539261313 
5.297671836126295 3.433703386717033 
4.638720663975528 4.1858891036255175 
5.529832521185498 4.639672816356371 
4.5630109315987655 4.384220249508857 
4.850009741431194 3.4262893108944024 
5.847623105468498 3.3572416759300316 
6.804940174979983 3.646281514744586 
7.426067188077498 2.8625715980020714 
8.15143487130028 2.1742099749172175 
8.59534588384353 3.0702808498723333 
7.653131547050499 2.7352701880395056 
7.937436045277894 3.694004224301737 
8.894502527352227 3.983872727057487 
9.433189048303106 3.1413664468756486 
8.827860579056797 2.345390665636094 
8.772442726245158 3.343853915630678 
9.035831880591813 4.308543582504204 
9.866311615311815 4.865592422570669 
9.340829019896502 5.716396772533447 
9.321670811671249 4.716580307847253 
8.945738882535398 5.643227589533331 
8.056038571058567 5.1866825690172496 
7.707665596040339 4.249326569262114 
7.169581253074626 3.4064355680910507 
6.989611026827056 4.39010762607806 
7.799931798738767 3.804121067692622 
7.418996671952925 2.8795192998051413 
7.3018888059546 3.872638500969492 
7.037206234490965 2.908302907743048 
6.046035200511975 3.0408924299573594 
6.609915408469749 3.8667490222743894 
6.183471569535097 2.962234980241499 
6.789072452620118 2.1664664395170976 
5.809660484049671 2.3683381706261355 
6.739909063104966 2.735268111031118 
5.797036208007334 2.4021153245801536 
6.7406416818868085 2.733187385715934 
6.644622272869348 3.728566847575549 
7.589446022578024 3.4009877243298257 
6.6320373412745015 3.112251483160395 
7.1852473476525995 2.279209654172712 
7.36966219381764 1.2963611589742279 
6.71247970818073 0.5426296546757192 
7.219918467313372 1.4043174785016825 
7.074142228026976 2.3936350655582936 
6.1422232858215375 2.030968434671613 
6.293576437187884 3.0194481884205078 
7.194202173122399 2.584852647978117 
8.189910158320892 2.6774032190836294 
7.325834435428221 2.174041375965273 
6.798433135439572 1.3244250691712693 
5.859216971568888 0.9810986974430871 
6.85802446772434 1.0299206763427398 
6.611616404852178 1.9990868471058287 
7.5066398099459635 1.5530676722553227 
7.684469027108019 2.537129036969704 
7.513225123020997 1.5519003704597232 
7.408293698342827 2.5463798303355967 
8.405032482336065 2.627075533341905 
9.19317197200865 3.242572198498293 
8.956368122333693 4.214129678413465 
9.489059187271264 5.060439449913047 
10.48082751970585 5.188484655914368 
11.442760507893958 4.915199225941422 
10.44382486404708 4.96132491783027 
10.964815132180668 4.107762301199192 
10.035257493766526 4.476439120196433 
9.609616446222134 3.571547027930558 
8.662480770697819 3.250713718953608 
7.9349305156152505 2.5646593287415125 
8.719050730773215 1.9440503631435058 
7.796434895866551 2.329770496374166 
8.508441220041451 3.031943547932645 
8.983795409378345 2.152149029491058 
9.180442928103185 3.1326232787089374 
9.642167160596749 4.019646803271972 
9.352975869364329 4.97691813214134 
9.947370915066491 5.781091328439702 
9.958148224184484 6.781033251557328 
9.461432057050713 5.913120209076725 
9.620837614298162 6.900333391889146 
8.66166803312565 7.183164992940635 
8.73955793271307 6.186203025991914 
9.278167592220262 7.028758445347548 
10.0139781845977 6.3515710472477585 
10.75803439279349 5.683454022284839 
10.00803404772109 6.344891458775456 
10.920990750742655 6.7529478989991025 
9.987019926705466 7.110297167708713 
10.851735987156022 6.608036145132932 
9.854684591955445 6.684772807352381 
10.789184068214581 7.040737312424727 
11.046014921014455 6.07428094349228 
12.037674000255222 5.945392346016188 
11.308500388319557 6.629721100093272 
10.365552706708561 6.296780159768343 
10.655056038908793 5.3396031538572295 
9.878087251087404 4.710064034539484 
10.608064251822967 4.026592324519887 
11.178876508522922 4.847672934205139 
10.201052970428155 5.0571034199225515 
9.545669185560604 4.301807388864077 
8.54641416370176 4.340400151007786 
9.109316931457776 3.5138770272824926 
8.11211506367675 3.5886328624663393 
8.01159886313208 4.583568284203883 
7.1596587577940545 4.059929041101695 
8.10531100965509 3.734749369919511 
7.787767111856961 2.7865057973226954 
7.985782618073574 1.8063069096994853 
7.6261789322195765 2.7394120426401525 
8.623556649886973 2.811783917706204 
7.62361029905952 2.822142270222821 
7.0977691275731996 3.6727250483049394 
7.459915194192785 4.604846406515319 
7.52118900083943 5.602967401494901 
7.26225764859657 4.637071674811278 
6.917924642818667 5.5759192562279605 
7.1898273063531715 6.5382440151128405 
7.265053941840214 5.541077552924456 
7.019801229175208 6.5105367356291515 
7.055811321861206 7.509888161917595 
7.1062816479675766 6.511162600923627 
8.010972585858688 6.085094171093745 
7.177140015965394 5.533076738954918 
7.597816825321659 6.440287311021752 
8.554011270538776 6.733019582792274 
9.137556304066843 5.920938802423271 
8.228704483137856 6.3380579312031236 
7.242997137342941 6.169591232873911 
7.521327996350857 5.209105973786654 
7.988219320043863 4.324791271963715 
8.71019377532245 3.6328715613576454 
9.505708612841229 4.238805669398669 
9.415217298927475 5.234702914151441 
8.42585496779649 5.0892306565245615 
8.90807534200029 5.965280604131858 
9.723220814491041 5.386024306213719 
8.819759007236108 4.957355712972216 
8.082679042245074 5.633161250985049 
7.746066937602904 4.691517851917032 
6.746210029766262 4.674601473718687 
7.746025009577398 4.655365929919287 
8.358745193171012 3.8650660016534366 
8.055786072559458 4.8180695542377245 
9.055700596577985 4.804994973678406 
8.10139749078738 4.506154577683481 
7.862118204243636 3.535203794671738 
7.46552271472709 4.453197268338698 
6.861940491605805 3.6558965095707365 
6.606854209039803 2.688978214963246 
5.8344882412142836 3.3241559946005297 
5.180083390880005 4.08030035374035 
4.53518917022522 3.316028514558729 
4.532599249577276 4.316025160708624 
3.8602829678907584 3.5757611420104194 
4.788314508866257 3.948262764764793 
4.375391747616697 4.859028812244627 
3.377677921676958 4.791448330382712 
3.244243915463422 3.8003906297487857 
3.1933339469260154 4.799093876516072 
3.154449576180038 5.798337593389833 
3.2911535840449995 4.807725654115096 
2.589325174603369 4.095379612011518 
2.761592782931359 3.110329424903798 
3.657680235800557 2.6664518778140707 
3.0626486310411325 3.4701541792524973 
2.888166319713962 4.4548144877010145 
3.7505515566828547 3.948561879749108 
3.530268241510413 2.973125945893563 
4.225416905730059 2.254259939857917 
3.597142851980835 1.4762678361797903 
2.892067254740472 0.7671356889913089 
3.019283031504897 1.7590107547844882 
2.480170142381706 2.6012442691860738 
1.9978712166571886 1.725237564734004 
1.564226810366396 0.824153479371985 
2.263205063587598 0.10901055552820027 
2.603071274901505 1.0494843501695663 
3.276389158219887 0.31013123561356915 
4.241923180247832 0.5704081118560443 
4.8439688103324725 -0.22805357119204517 
4.385892812937774 0.6608594620180951 
4.309292785487582 1.65792136370456 
4.572050827008883 0.6930596059299602 
5.569544233873418 0.7638190806438241 
5.669140529638287 1.7588470088297203 
4.673166670586051 1.6692028674450419 
3.6901029350719465 1.8524668625915384 
3.3916493196598836 0.8980427223648421 
2.805143601064769 1.7079878081917936 
1.9875947303135 2.283847030513817 
2.9596104039792466 2.048931023932475 
3.644380836087844 1.3201721781475304 
3.1761679648913814 0.4365564770387482 
2.3307842047829945 -0.09760295435323318 
1.5795337099224827 -0.757620146532222 
1.2357332474525586 -1.696662872932606 
0.7303411674563891 -0.8337730506046652 
1.60844281079242 -1.3122471919859546 
1.3991374001789036 -0.33439687364070436 
1.4899374927639815 -1.330266013230109 
0.8401543265327394 -2.0903856333442734 
-0.06608155454828135 -1.6676132030211668 
-0.06270807468217345 -2.667607512821774 
0.8889923694086254 -2.3605793956771444 
0.10869251139413172 -1.7351738220030994 
1.014843750855395 -2.158127638894278 
1.8340719840434492 -2.731595250837253 
0.8663685008756089 -2.9836864420059044 
-0.13335107669380275 -3.007366945050333 
0.0006947244271457986 -2.016391807520716 
-0.7772697127997824 -1.3880834959330142 
-1.2840818755167351 -2.2501400090005537 
-2.0389972269292977 -2.9059622503141944 
-1.2177563284898048 -2.3353806288696424 
-2.1871566936589977 -2.580865724160242 
-1.2155435408691821 -2.817441042665438 
-2.1768100647440543 -3.093061560910216 
-1.6948125251346915 -2.216888991258255 
-1.6226583749775196 -3.2142824836247814 
-1.5906214282775635 -4.213769168901851 
-0.5937272932063579 -4.135015861284755 
0.3331113103843252 -3.7595558728784364 
-0.6613144604972518 -3.864994889407335 
-1.6130760856115152 -3.558156480860008 
-2.0720419554790364 -2.669702582057853 
-1.641714812251194 -1.7670295793589998 
-1.9062634480391583 -2.7314019241007634 
-2.5668118633594252 -1.980618472619656 
-2.712455853661601 -2.9699555375721727 
-1.768522808714448 -2.6398185862068395 
-1.1912640538213521 -3.4563798698220207 
-1.9622167853590744 -4.093272235716388 
-0.9636753100168458 -4.147262253510101 
-1.783805787101448 -3.575085706842045 
-0.7997696765675403 -3.397116796171392 
0.07379294519098234 -3.883828564948742 
-0.5695691707394867 -3.1182665571495893 
-0.6831423079502028 -4.1117961956124365 
-0.0023387211526787466 -4.844262219536841 
-0.4275204427433779 -3.9391542129292487 
-0.5159516088820378 -2.9430719227265985 
0.047105947585561525 -3.7694896065310632 
-0.901428160519427 -3.4528146221046425 
-1.8857070363968833 -3.6294359529268587 
-1.19863866757856 -2.9028431807571042 
-0.25702761662970597 -2.5661405987488957 
-1.257023988207623 -2.563446748159078 
-1.2135711663072388 -3.562502228234581 
-0.9660293711463721 -2.5936250122528364 
-1.836768669650534 -3.0853699400766827 
-0.8826868994686692 -3.384916223322927 
-0.5038470904165047 -4.310378485696342 
-0.21288366537315784 -5.267112662616475 
0.46501165118885057 -6.002271107975905 
-0.18918305293052795 -6.758597287016508 
0.608271951747762 -7.361975705186688 
1.5258071781828935 -6.964321196535482 
1.964207337788077 -6.06554130131188 
2.821891072287549 -6.579718908345713 
2.695937372733315 -5.587682787244973 
2.8755745741047365 -4.603949858100359 
3.322539378140041 -5.498501401586637 
3.8793323251796994 -6.329152720809626 
2.9178105229818536 -6.054424083972824 
2.1819901570920686 -5.377247305618883 
1.8817154897586774 -4.423394526539312 
2.521223295461239 -3.654609923125914 
2.861863605496221 -4.594803615499603 
2.8480869553033332 -3.5948985180481183 
3.5265133806630535 -4.329566868648328 
4.294399314702472 -3.6889802684884363 
3.510890573306269 -3.06759950586721 
2.558412631513154 -3.3722070737271554 
2.41996836874291 -4.36257730051409 
1.9077137832973747 -5.221410951281236 
1.5160498153872508 -4.301302622745461 
0.5172741501627554 -4.25183373802621 
1.0818379536736806 -5.077223168395462 
2.012830511471399 -5.442261327120358 
1.0426156696759405 -5.200015252312502 
0.10849465376105283 -5.556971730928787 
-0.024572681314346534 -6.5480787303672585 
-0.4237448752013983 -5.6312027520433645 
-0.15079386584589222 -6.593230686404842 
-0.9092732180078607 -7.244927757400224 
-0.46550159068827607 -8.14106766990615 
-0.9749046685669296 -9.001595707943117 
-1.2065915883080525 -9.974386112511784 
-2.1691451406739337 -10.245477718482576 
-1.5303534436956094 -9.4760979891736 
-1.251986554406621 -8.515623171727784 
-1.398283918791185 -7.526382512851426 
-0.8436012880654866 -8.358444517254474 
-0.5084048586225032 -9.300592782491254 
-0.5513943851610686 -10.299668305466364 
0.12987118811252174 -9.567631954816886 
1.0058624555405353 -9.085304991658218 
0.25573039041432566 -9.746593041504491 
1.0835884302898657 -9.185655374902018 
0.4066259869936355 -8.449637813721308 
-0.5533643741840514 -8.169604768446408 
-0.04769063510131388 -7.306879974782703 
0.9280681012243939 -7.525728983197313 
1.920303540207423 -7.650102749024979 
2.9007456703969674 -7.453295154279785 
3.548589947170569 -6.691522358065789 
3.0811569862945896 -7.5755508797135445 
2.1421305566346396 -7.231705908250987 
2.4531486215675207 -8.1821099082875 
2.8045339357641086 -9.118340841854089 
2.9215598228556434 -10.111469706478633 
1.9640889259544685 -10.399999569035804 
1.512462683572128 -11.292206796753451 
0.549995255324011 -11.020809579447421 
-0.3636873271858352 -10.614381063693251 
0.32307159310553657 -9.887495800807677 
1.321491486529891 -9.831302238769833 
2.309892391493327 -9.679435023520918 
1.874670275940229 -10.579758137815718 
1.01150379692272 -10.074838709094148 
0.32619968002198374 -10.803095715486055 
-0.5095117409436406 -11.352264560985885 
-0.8693841519280084 -12.285266087143425 
-0.6520447116495455 -13.261362172423683 
-1.65201923720126 -13.26849997654144 
-2.6416494907664627 -13.12486167653593 
-2.8639305457931172 -12.149879044600244 
-3.8503843704649334 -11.985839866992132 
-2.8524450193992967 -12.050004121797251 
-3.6589929032547666 -11.458835354820964 
-3.778160743239436 -12.451709478722574 
-3.5601824431626476 -11.475755862665112 
-2.65855152359601 -11.908262145719382 
-1.879775670737736 -11.280959849370271 
-0.8876140326555045 -11.155998719741962 
-0.43387917142080074 -12.047135452067774 
0.32672689025330676 -12.696349144887483 
0.5128983499211199 -11.713831873993401 
1.1230782459004989 -12.506094768834876 
0.42538719055387164 -13.222493534390281 
1.4082725445045545 -13.406711831497928 
0.4662484321686643 -13.071166645602231 
0.6778208699476966 -14.048528965099068 
0.9040965468269788 -13.074465662200934 
0.8440157972991396 -14.072659182284175 
-0.15485074197522797 -14.025060477280274 
-0.058038398052261395 -15.020363129775554 
-1.0516941425701536 -14.907898640328469 
-1.7277782544725306 -15.644723092713956 
-2.5092068116830784 -16.26871781222354 
-3.151183839962151 -17.035441683745724 
-2.2810716909800957 -16.542587904016045 
-1.948057607942471 -17.485509756821784 
-1.5536964820785752 -16.566554207076663 
-1.3772374312706757 -15.582246225097458 
-0.8996327010192071 -16.460821049253845 
-0.7599440243272274 -17.45101652167535 
-0.8368642033086419 -18.44805377577645 
0.1626296234651854 -18.47986714153694 
0.8071061586415949 -17.715243053761114 
1.614373733424181 -18.305428670922904 
1.2509960001447116 -17.37378677461474 
1.9686392950670075 -18.070197645619114 
1.4159108976322146 -18.903559103012704 
2.3215576985216533 -18.479526236316353 
2.8694237318244955 -17.642960154316246 
2.968410809018739 -18.63804887324966 
2.443373142898481 -19.489127864386788 
3.4002476044641567 -19.19862611774247 
4.2523371471542735 -18.675230081037807 
3.959444008247362 -19.631375263100267 
3.6054532472505 -18.696126343759076 
3.2408320327821794 -19.627282275899148 
2.5866231284594985 -18.870968379752238 
1.6309918583658074 -19.165533950753193 
1.3770184078468852 -20.132745140944618 
1.7065356356541443 -21.076894703555446 
0.824130655069137 -21.547385351962802 
0.22951490483076387 -22.351395370288728 
1.2211124726068066 -22.222034388610957 
0.7618274499301164 -23.110323343819157 
1.5118973842639456 -22.44896482258544 
0.6744235564601564 -22.995442258298638 
0.8864176234130356 -23.972713211298256 
0.5020995173026745 -23.049512478350245 
-0.03572540027345794 -22.206455921508283 
0.8338819321053813 -22.700199870810913 
1.574490517541939 -22.028263174999722 
1.1096003836212336 -21.142894797778585 
1.558740909806216 -20.249433669503674 
1.7616819959669971 -21.22862461898589 
0.7905801575817835 -21.467290116041617 
1.7208446683631295 -21.834179663427125 
2.0776383502870335 -22.768362872727735 
2.8316739916786777 -23.425196376373137 
3.6047853942248143 -22.79092611910645 
4.585605658228511 -22.985840484199738 
4.037432193463333 -22.149475819398948 
4.999352891581327 -22.42280450529231 
5.827672870180129 -21.862549194693578 
6.611333587404485 -21.241360108923868 
6.152254534246564 -22.12975552930357 
5.656111709315205 -22.99799645051676 
4.656582648158724 -23.028682862878643 
5.301843428899705 -22.264720478439763 
4.4343236684476395 -22.762123197798225 
3.5190610612593174 -23.164980939293702 
4.339632157637359 -23.73652540457085 
5.329169532203557 -23.880802167553096 
6.19005912682164 -24.389593977509108 
7.1484742354006405 -24.67497176159102 
8.148473957741968 -24.67422656546351 
8.435447660941163 -25.63216502573752 
9.352774832884343 -25.234030802623344 
8.387383308099842 -25.494835717980127 
7.918477734649378 -24.611587415866225 
7.391322379559649 -23.761818487509686 
6.757495681477034 -24.53529357876841 
5.949743248362315 -25.124815424671723 
6.9239664724846275 -24.89922927797666 
7.590940701469614 -25.644310064113224 
8.508613402428889 -25.246972910156902 
9.499638017785799 -25.113293398799748 
8.52471280826396 -25.335826173551688 
