0 0 
0.9986274357565083 -0.05237599215653157 
1.845218114631288 -0.5846205059303605 
2.8218142244873454 -0.3695390371469825 
1.82879549618898 -0.48749583113824424 
1.8919920158629946 0.5105052710160028 
1.6992761916863528 1.4917598817628352 
2.412667065446234 0.7909935432190145 
2.2414032166869498 -0.19423165647299345 
1.2608368532914114 -0.3904193395146385 
0.5919262927992825 0.35292355717712787 
-0.10316493328848242 -0.36599798751033497 
0.37713377722546265 0.5111069940503911 
1.3771088060348824 0.518173942302665 
0.4511165140188651 0.8957163573064933 
0.25621853295122404 1.8765398770977744 
1.2562004803739708 1.8825486064652124 
0.36534705851047466 2.3368394612643155 
0.19752747763521591 3.3226571869493697 
0.8896431749440896 4.0444437631189825 
1.2604776344042992 3.115744778691383 
1.188363292770787 4.1131411501158865 
0.22546483943158158 3.8432771685307814 
0.6833345735578159 2.954257873705764 
0.22175137316182242 3.8413547957566703 
0.9986904093214857 4.4709306324048805 
0.0021983166916048624 4.554617604665329 
0.6228474097304869 3.7705291509115364 
-0.3497492034037626 3.538030058182582 
-0.2835698466482813 4.535837801557743 
0.631804753040289 4.9384410085059605 
1.610131268276703 5.145509184683215 
1.3182732818023264 6.101970849221383 
1.966996845406825 6.862994986830881 
0.9754439453905773 6.7332920706363355 
1.4528801553379198 5.854625657581234 
2.389016753070337 6.206262217662769 
2.6069398755174067 5.230296279372442 
1.9053234044191139 4.517741490262455 
2.530848350962437 5.297945656652235 
3.0546191253480766 4.446086410121761 
4.036501647128096 4.256595741689488 
3.2707609255342027 4.899745139024869 
3.2068024557050903 5.897697700090333 
2.5913599345369316 5.109515929723763 
3.3727644581948293 4.485491114185972 
3.8636026207289076 3.614240347643888 
4.600272172692888 4.2904932376260225 
4.610569372036307 3.2905462551886124 
4.402270479052961 2.312481036922513 
5.35642251584349 2.6118034228018296 
4.686410603852047 3.354153769868207 
3.7453459710660573 3.0159269866008698 
4.455128708198783 2.311506326719024 
4.2780428049084795 3.2957017254360963 
4.230259216994076 4.294559437388117 
5.229651066766188 4.3294296339616585 
4.501504937577941 5.014851558434588 
4.376645316424878 6.007025976067654 
5.070360843220373 5.286776874795844 
6.047681108136778 5.498543491106649 
5.94716827672082 4.503607728998991 
6.182912572717337 3.5317926092847998 
6.198269840404921 4.531674679495668 
6.4731338698640855 3.5701915723588495 
7.446869787230625 3.3425111752440717 
8.437461557580676 3.20566109481022 
9.182749101095979 3.8724042818627202 
8.772719950708186 2.960331863777257 
8.68038963097199 1.9646034308913563 
9.660545499219843 2.1628317687729397 
9.672223726762509 3.16276357594854 
8.677735198044823 3.267609015758458 
9.393956400063606 2.569735682137829 
9.463565847751473 3.5673100025734494 
10.258604244467175 4.173869107482217 
9.983187757166647 5.1351941089895305 
9.983480578583158 6.1351940661173385 
9.230249882535645 5.477437638150436 
8.741215548167961 4.6051731026971385 
7.886513567729736 4.086054113798663 
7.337019235680484 4.921551557867612 
6.394963157114905 4.586096128879433 
7.202979832873253 5.175255743666825 
6.506997348660912 5.8933145028708465 
7.488632922147793 6.084080330169872 
7.89634834560948 6.9971893781326315 
8.599214350672973 7.708511653143112 
7.981068165072699 8.49457481423631 
8.947792362912848 8.750395699447663 
8.055444366989585 9.201743740511027 
7.1050242922372675 8.890774800731185 
7.355071707601795 9.859008393450173 
6.355232499520046 9.841076355572064 
6.8146524226579075 10.72929554824018 
7.795754115841799 10.53580273795592 
8.702610188117994 10.114362274573736 
9.208175231288289 10.97715076958524 
10.082284974827896 11.462879249550253 
10.114623370603118 12.462356226853226 
10.913556069052143 13.063776664940391 
10.49750552903049 13.97311815643173 
11.179135074786196 13.241420703687172 
10.277118794360396 13.673122718793433 
9.476947235988511 13.073351531445534 
10.11325202418659 12.301913772118056 
9.72599540059428 11.379941805362078 
9.7416857153249 10.380064905927126 
9.681159458339012 9.381898300487293 
10.647910505740823 9.63761770207329 
10.015513692264216 8.86297309303981 
10.827985518200382 8.279972636727852 
11.762113911807988 7.923035465427253 
12.30699856239478 8.761546477611892 
13.268315241719348 8.486100943880835 
12.291493913952038 8.700157229980805 
12.222387992200467 7.702547901847359 
12.9840784764135 8.350488953378527 
13.967304090005202 8.53288246416557 
14.109163644053032 7.54299566916053 
15.101614252235235 7.420350692423703 
14.101694017926203 7.4329810138515615 
14.984613454939248 7.902505526251677 
15.02571656494759 8.901660436337016 
15.210263961680964 7.918836821257008 
15.128598759937224 6.922177002249462 
14.33703910774764 7.533268907796822 
14.297132240014879 8.532472311467846 
14.222940480795272 7.535228317821407 
13.9785492774492 6.565551598637605 
13.122521522189208 7.082481460634896 
12.409238487421666 6.381605357238008 
13.347423067147748 6.727740727236792 
14.280682664848355 6.368538105726728 
14.188430627991925 5.372802417054357 
14.20104242272245 6.372722885208538 
14.617636916018057 7.281815305238414 
15.546322470557541 6.91094721441677 
16.260541013298653 7.610869976730416 
15.392467773641142 7.114433827169856 
14.579688381721295 6.531862234942425 
15.029705332780688 7.424882248021196 
16.01763979581404 7.579754765760793 
16.900091421512556 7.109351610688416 
16.043108842692785 6.594006231743947 
16.938178659378206 6.148080202834749 
16.602484270602435 7.090051156391419 
17.602469587603125 7.0954701768779795 
18.401974654538652 6.494810832536767 
18.46437801905112 5.496759821767515 
17.490210543920206 5.270933050996077 
18.30116334248727 4.685821473178438 
17.4004804740029 4.251344350168757 
16.577567226789473 4.819511392120904 
17.573295606758283 4.7271805017066315 
16.786398108628294 4.110096773646359 
16.766198979309404 5.109892750421 
16.89213992036496 6.101930491319017 
16.302191377619792 6.909371335537868 
15.531215450851109 7.5462356227633105 
16.51158235296343 7.7434176129213625 
16.40786668298388 8.738024600530384 
17.027121609240645 7.952834600398742 
18.009269303137735 7.764723177639184 
18.057283811451647 6.765876539265018 
18.46773793644224 7.677757787716924 
19.163865427755713 6.959839605862186 
18.89006541166878 7.921626251221122 
19.633113488313143 7.252388210016714 
18.678980634553888 6.953004681115703 
18.29318858891266 6.030418914089159 
17.947867133979504 6.968903380003672 
16.996436598057304 7.276766881112193 
17.325539952303078 8.221060787808716 
18.133055686934807 8.810906817143643 
18.93116019196578 9.413425861696812 
19.896320347878213 9.675085704697391 
20.78001289288088 10.143153526606472 
19.841386289636375 10.48808844754328 
19.19078643775332 9.728667725723191 
18.49506279941649 9.010358169153488 
19.358207008111616 9.515315667361074 
20.076279343479733 8.819347190216469 
20.003116103795936 7.82202721129347 
19.94882149823958 6.823502251261183 
18.951755864617233 6.746950815943054 
19.47266817610702 7.600561010199405 
18.49670196774353 7.382639097275094 
18.046698960327422 8.27566613679655 
17.822561725946198 9.250223728816609 
17.53325198597648 8.292988191261376 
18.025830214081157 9.1632563621129 
17.62896016040462 8.245381555565306 
18.143925099420485 7.388170314630853 
18.00316896962839 8.378214612592288 
18.946123727235452 8.045293713419214 
19.34749259505998 7.129377215073837 
20.298865766784022 6.821336490292626 
20.393497682050114 7.816848821011373 
20.44309493083822 8.8156181201554 
20.417702722359547 7.815940554262988 
19.547605638944212 7.32306017787118 
20.3785395169941 7.879431358207634 
20.197022335333934 8.862819131551472 
19.197067297369802 8.85333640777863 
19.583536236289227 7.931033984898534 
18.703069675029727 7.456925733015199 
18.75480303504312 6.45826479983431 
17.761067446628733 6.346508008905481 
16.77001607806702 6.213026980770558 
17.652059687968606 6.684194753683538 
18.225005805037306 5.864601716294921 
18.28924623285569 6.862536166764345 
18.541524300678756 5.894881385090912 
18.68424044197751 4.905117724910971 
18.585721531612418 3.909982546002862 
19.449503441382998 4.413848413425025 
19.88520333737436 3.513756417775071 
20.838019578513926 3.817304125097447 
21.511408082359686 4.556592920419253 
22.51003478416579 4.608982904575215 
22.742153521561065 5.581670362986201 
23.25723004071127 4.724526163087428 
22.392868406193465 4.221655439368392 
21.55958822254995 3.6688045231649062 
21.815300762554912 4.635557385526437 
22.653078015283924 4.089545229242507 
22.009256195574185 4.854720676094821 
23.000147212972397 4.989386899178189 
22.58746897124722 5.900263767260047 
22.598973973976243 6.900197582525941 
23.59506934896404 6.988481238589362 
23.118039247889723 7.867368195295984 
22.326895673891247 7.255737714269309 
21.457423943716147 7.749720416827117 
20.53610749293346 7.360906840010166 
20.217698198007504 6.412953507348291 
19.373510202768013 6.949000733526668 
20.197717518408712 6.382712555260201 
19.226037602550985 6.619013509804861 
18.437891553303974 7.234501775376456 
17.437941147674717 7.244461006365207 
18.033162713810206 6.440899380099235 
17.693229950866595 5.500449638391831 
18.418948169388084 4.812457583709515 
17.48787459480567 4.447626117530505 
18.0717899522476 5.25944066245038 
19.010675677432328 5.603669648801535 
18.028695303399633 5.792652571349074 
19.023724624831722 5.693070195948616 
19.576145566868426 4.8595048998864065 
19.04262639767217 5.7052928733762975 
19.074368927496703 6.704788952308245 
19.990823544726535 7.10492759647814 
20.32837850415217 6.163621775096396 
19.836058459998082 7.034036029416784 
19.902216723655062 6.036226887270906 
19.113873706626237 6.651462848103728 
20.10266942863625 6.800737829713829 
19.76499871509552 7.74200213330602 
19.065425327989338 7.027441375880324 
19.884660240280613 7.600899446259586 
19.160289500212397 6.911488805978322 
20.089815029386006 6.5427310391251705 
19.875863522526977 7.519575321860526 
18.99556690870345 7.993999047754192 
19.995310238856863 7.971343500668302 
20.790871981420313 8.577216023373706 
21.516770490799413 7.889414195750951 
21.245985996467855 6.926774201968435 
22.182622892463268 7.27707596482452 
21.740009626056597 6.380363359582006 
20.8686677040306 5.88968703559639 
21.867472207867156 5.938570193389347 
22.790000310195666 6.324500109843308 
21.790020288423133 6.318179029571286 
22.77047452715748 6.1214317659363 
23.166433087699502 7.039700146276975 
24.142064445793835 6.820283982098019 
24.68998122808709 7.656816826451071 
25.183049586853716 6.786826255477348 
25.18370504794797 5.786826470291994 
24.318145396499812 6.287632310698179 
24.382248796061553 7.285575572694885 
24.32787757707389 8.284096363938511 
23.411910820031512 8.685350522787068 
23.13196851950572 7.725333695655206 
23.824835029343472 8.446399573051476 
23.87756660519325 7.447790850423639 
24.73257102889419 7.9664115552280474 
25.390942694230542 7.213718556534533 
24.425333150660826 7.473715112986893 
23.468660492641302 7.764880745227129 
24.054772699644648 6.954650851430517 
23.095622151939185 7.2375469928611 
23.840841964671437 6.570728103873012 
23.320658674203518 7.424782753364466 
22.35476775590122 7.165833465006398 
23.195882519046997 7.706690151401439 
24.091381164483536 8.151754389485472 
