0 0 
0.5223034044412354 -0.8527597280061339 
0.4366959876644938 -1.8490886747866704 
0.9203710513756216 -0.9738410339763471 
0.26647231774833025 -0.2172589524011721 
0.3193580329188217 -1.215859523766373 
-0.4260516224741452 -1.8824661886347482 
0.5240225632870742 -1.5704420845175247 
-0.4759540057651227 -1.5635965497249182 
0.14089379651774936 -0.7765140960907447 
1.1399863842900673 -0.8191051873941266 
2.137057945907322 -0.8955793726734025 
2.687214088460453 -0.06051756728947866 
2.1712605507713216 0.7960990020961887 
1.9220710492845257 -0.17235574250923802 
1.537537039107495 -1.095466567392779 
1.3646526924605757 -0.11052443575028104 
1.0883186055269574 0.8505372024387393 
1.9567931757089938 0.3548034826383536 
2.8372214827291087 -0.11937580433830697 
3.622983597602688 -0.7379046224457579 
2.7211894994570174 -1.1700705680611396 
1.741439793028582 -1.3702967220805262 
2.704107129032516 -1.0996094482919547 
3.3342841981306623 -0.3231579935422906 
2.5654864696216193 -0.9626500205757289 
1.726494486786769 -0.4185062411030178 
2.494551173552 0.22187561834899394 
1.9395898902660265 -0.6100005587672794 
2.442518736064895 0.25432725870906314 
2.6495469719185585 1.2326622266823641 
2.0960911803770585 2.065540781340348 
1.469224810855771 1.2864139914253812 
1.540763164275507 2.2838518411132664 
2.517830493544575 2.4967824262226186 
3.075103081049713 1.6664528150347915 
2.0809134709039343 1.558809798177291 
1.7060082817678695 2.4858729563056094 
2.6698441751131954 2.752369430389634 
1.7581398242734045 2.3415225286612706 
2.5346413688310294 2.9716378762759934 
1.606723053299317 3.344421459204198 
1.7568140609442482 2.35574927418829 
0.7714699227428524 2.526327494697676 
0.5766116717403158 1.5454960810407559 
1.5729088267590983 1.4595194626990218 
0.6902698085943294 1.929570910535461 
-0.20153384859011514 2.3819935415260534 
0.7114789158354253 2.7899245307828546 
-0.19383076930691812 3.214676663193595 
0.8054412154886721 3.252827684184936 
1.524581720557407 3.9476923717101298 
0.5505388387437542 3.721328804879789 
1.23630728323928 2.9935090191263463 
0.24512123983583456 2.861031748010796 
1.2264240758519311 2.668561635975795 
0.5313351176876532 1.9496378985473397 
1.5005755195297916 1.7035219839117963 
0.5177051440569911 1.8878201798279692 
-0.07228875847584948 1.0804124792367071 
-0.3229019543322162 0.11232517632303995 
-1.3080897880482014 0.28380384058773594 
-0.4114661147260006 0.7265972330838337 
0.2888329888733636 1.4404467729015231 
-0.7084543212693101 1.514053980621899 
-1.6987733491696806 1.375243955845354 
-0.7039590399933247 1.2735360886080074 
-0.8729528407340528 0.2879189746579689 
0.109648985239295 0.10219430856904355 
1.0614539928921096 -0.20450950198280665 
0.784210327956258 -1.1653091430385978 
1.7297348128727847 -1.4908601350864434 
1.0274932426473837 -0.7789213897948536 
1.897357470615065 -1.2722126069295092 
2.595220984962053 -0.555981837314526 
1.7721103899294146 -1.1238629413715424 
0.8124967302896535 -0.8425417295285946 
0.08032136385300026 -1.5236578964071619 
-0.6116298128347796 -0.8017135986387005 
-0.016148078952665568 -1.605082445814611 
-0.5557061016694627 -2.447030864734642 
-1.0059560460518595 -1.5541283014145177 
-1.8477244664890242 -1.0142895047772988 
-0.900463340560127 -1.3347522316331968 
-0.24532903440439047 -2.0902646675982455 
0.07603378690001789 -1.1433085244304264 
0.8755884039785604 -1.7439019095991153 
-0.049491618679709304 -2.123674146181221 
-0.7414975597365612 -1.4017823415858088 
0.07956123223840861 -0.8309387026437574 
-0.4340789219603973 -1.6889444089153571 
0.5511108397868776 -1.5174768220414887 
0.2486638361627138 -0.5643106193261569 
0.10063533003121788 -1.5532937139099205 
-0.8397863943133195 -1.8933039790209127 
0.07403683396294192 -1.487191793211681 
-0.22793035150189572 -0.5338734733927213 
0.7512777219093771 -0.7367319190295325 
-0.16734704731327488 -0.34160088586378706 
0.6367461555439478 -0.9361041416318387 
1.1813168694900251 -0.09738920942169893 
0.8864797487696521 0.8581583154274423 
-0.10788901394709705 0.7521830176776292 
0.5964976240256699 1.461999518081376 
-0.33622365072091 1.101401371060187 
-0.7965184689643545 0.21363525304360365 
-0.08832055627811863 -0.4923787103217526 
0.844092658245265 -0.8537726745521621 
1.1847680238290141 0.08640831615355249 
0.41449908519267553 0.7241275037056039 
1.2049288748957636 0.11157485490720731 
1.3360064636461941 1.1029469675507761 
2.0271937038312204 1.8256226894381289 
2.0935694649843333 2.8234173869242123 
1.1230019265210163 3.0642464825112232 
0.5749697297587 3.900703720696099 
1.4872036780801619 3.4910340689889745 
1.34398492731737 4.480725126556913 
0.7940361267420935 3.645526756859142 
-0.19115751626339816 3.4740814717633772 
0.2300224568093699 4.381058555422288 
-0.07633204024126794 5.33297605296966 
-1.0742104055241646 5.267870230646816 
-1.6729420660997136 6.068819916098059 
-1.488538527411791 7.051670532885459 
-0.49122364449386835 6.978437860461123 
0.5013435388573126 7.100135791973138 
0.7806221810418132 6.139925689954011 
-0.05610904884380985 6.687539467112779 
0.7632788220154509 7.260778960770296 
0.3611919121293533 6.345177455256981 
1.0564035428658722 5.62637234363863 
1.873408841642329 5.0497421833355185 
0.959289723420934 5.455187910532316 
1.7767288180984213 4.879172870370299 
2.261343740195501 4.004445268610276 
1.533648302519731 4.69034566224325 
2.4999939861211837 4.433098660735281 
1.513507118828766 4.269258309601649 
2.2062787806039106 3.5481013054470023 
1.9350239493354446 2.585593738456739 
2.6230119191962897 3.311315829430104 
3.090090535928773 4.195531620847149 
3.1772794168702143 3.199339822527077 
3.838945594095817 3.94913837541689 
4.3770558122367484 3.1062638929864876 
3.68573914185634 3.828815802024271 
3.2533946036365244 4.730524291654647 
2.370255850331599 4.261412426092687 
2.141404819904655 5.234873881864063 
3.1264166302595173 5.407360789951131 
4.106002455961261 5.206334398439388 
3.2066814992296697 5.6436235668204215 
2.3513585937730648 6.161718854775516 
3.0038172009739963 5.403894491291852 
3.371430055231906 6.333873410076763 
2.901075928468463 7.21635116925067 
3.4745348786776074 6.397116872834177 
3.298042536085348 5.412814859727277 
4.265953247931228 5.6641092167948415 
5.237834327699927 5.899581437635493 
4.26257500411149 6.120645346390004 
5.225875310330059 6.3890713511645245 
4.708376543086446 7.244755303276133 
4.979799648072048 6.282295175229274 
5.703628980632049 5.592316119513997 
6.50037196397504 6.196634428432162 
7.0994230021647775 5.395923585715644 
7.764661740823822 4.649292873390385 
8.092977032270708 5.593861065424261 
9.088154794615733 5.49577324082839 
8.972188525680716 4.502520088570975 
9.12692907438177 3.514564946579348 
10.099042857077569 3.280055259161397 
10.311374849557579 4.257252846637681 
9.636431837228173 3.5193829867655575 
10.129789418061574 2.6495563963268576 
9.12978946909784 2.6498758842455445 
10.084256214721933 2.948193217797844 
9.086655334388102 2.8789654520014065 
9.544683790852558 3.7679029824661674 
9.800944857228535 2.8012953754922476 
10.027321535575673 1.8272555408342828 
9.156529701439291 2.3189074315063283 
9.593906001984246 1.4196288474615346 
8.669861150648844 1.037344774133162 
8.026743450747597 1.8031121174390314 
8.569495323506121 0.963219026255924 
8.268281704058861 0.009662339184053792 
9.207353970226892 -0.33405742881604117 
9.126712541720329 -1.3308006053707748 
9.943862923904554 -1.9072251476104123 
10.115849853959991 -2.892324379104431 
9.11667032593963 -2.8518241225002336 
9.929860486407414 -2.2698260443948337 
9.273275168399687 -3.0240778061936986 
10.19338494590157 -3.415738370133235 
10.989241571402221 -2.810253249220495 
11.173383889624606 -1.8273536578889664 
11.51425872888954 -2.767462345199165 
12.497425768216283 -2.950171329054606 
13.305957228442216 -2.3617183761136573 
13.232314430149085 -1.364433693458019 
12.969169927197314 -2.3291901241524533 
12.424023643671518 -1.4908491854180903 
12.506390033914062 -0.49424706934647933 
11.794316929702777 -1.1963523992357372 
11.42500255392496 -0.2670478787238434 
12.21273671642219 -0.8830632107041338 
12.91981330725131 -1.590200180959168 
12.052601244042693 -2.088139170621007 
11.217386636006339 -1.5382150317412158 
11.706213710093703 -2.410595735126605 
12.582526067569347 -1.9288523883791069 
12.459629730999405 -0.9364328750392656 
13.32162589889091 -0.4295180828499251 
14.297148073861274 -0.20961700022164473 
13.593560922494131 -0.9202259787964084 
13.329699912040073 0.04433473321821846 
12.497225593988272 0.5983983665530447 
13.491357538073837 0.49022407317122163 
13.09451822973955 1.4081121727567676 
13.7284843520397 0.6347513541373392 
13.337967919251271 -0.2858446026874779 
13.40148973893985 0.7121358472329862 
13.30556540426247 -0.28325278140243393 
13.01342458640611 -1.239628096089203 
12.625655400772018 -2.161384603347315 
13.211534319806395 -1.3509860025149156 
12.469277990004569 -2.021102067737294 
12.646904950076149 -1.0370041747125556 
12.356374269006105 -0.08013849795485284 
13.24633889989451 -0.5361680537598075 
13.65795624655439 -1.4475248225000636 
13.37343964709079 -2.406195936401838 
14.266770939341363 -2.8555946483335934 
14.538357612093325 -3.8180086336764494 
13.960727726473936 -3.001709843257566 
14.271421294179122 -2.051199713386967 
14.889639652056424 -2.837206114113763 
15.800011148079138 -3.250998017404978 
14.827786070916627 -3.016950160468946 
14.11769862383425 -3.7210636580643515 
13.307795538825538 -3.1344999420936417 
13.764903741244716 -2.245088849695359 
12.839359083220325 -2.6237273131436893 
13.776106718420515 -2.973732838738434 
14.071790416803848 -3.929018738618859 
13.1160312237321 -3.634868496635546 
13.989922101588006 -3.1487463580733968 
14.827321688876564 -2.6021551660395765 
14.557130399772857 -1.6393485046103586 
14.046956983384895 -0.7792769464182308 
14.752610786869907 -1.4878337258135983 
13.775598239820454 -1.7010155329828305 
12.92344007306908 -2.224299833185827 
12.00272579900638 -1.83406243680102 
11.71821553557521 -2.792735431102167 
10.739010471597682 -2.99560840288689 
11.694277795750786 -3.2913521084925526 
10.698225398161865 -3.3801193392557227 
11.281277483883002 -2.5676845632052188 
12.203682765428677 -2.181461186677277 
11.480197703988399 -2.8718012230888674 
11.290219080379114 -3.8535894500357593 
11.654775902007588 -2.9224083055723717 
12.41081648895322 -2.2678835689191996 
11.52327562693968 -2.728612576315374 
11.882793236670727 -3.6617508770475196 
12.840641587963283 -3.374476555316301 
12.33668322855595 -2.510748605100801 
13.220032789199312 -2.0420338157979905 
12.921123227397672 -2.996315259536446 
12.228459724161869 -2.275054369646314 
12.102786713142118 -3.267126087971773 
11.130638956350301 -3.0327572782622907 
10.719138494329506 -3.944166829318605 
10.549518626834173 -4.929676393224946 
9.862814527413654 -4.202739339664562 
8.945898494643691 -4.601819518136746 
8.33920883536707 -5.396758293972231 
9.320677172818048 -5.588382672852414 
9.968037898941647 -6.350566436962307 
9.933625397660814 -5.351158722485579 
9.334050550863822 -6.151477410939349 
10.179991251317162 -6.684754385237426 
11.116005755867636 -7.036715813907001 
11.850391364668765 -6.357983335248586 
11.424380413093703 -7.262701340561905 
12.0695336903594 -8.026754512031882 
12.998437015281441 -8.397076821579628 
13.22751466756767 -7.423668670173944 
12.24678132455436 -7.619019917679399 
13.227423620683853 -7.423212136828186 
14.01097062285088 -6.8018796208634535 
14.339001439397835 -5.857212598365294 
14.418003471216805 -6.854087053333659 
14.561516039652151 -7.843735547851328 
14.147294279211664 -6.933559557628787 
14.005909919725173 -7.923514335834638 
13.92278927342929 -8.920053827354845 
12.927374367726847 -9.015705097630766 
13.735680081581451 -9.604468099992495 
12.77150625017805 -9.869739325037509 
12.025637325349013 -10.535832071563378 
12.593738974008362 -9.712873678453173 
11.678120486608249 -10.114921916269392 
11.860803754795807 -9.131750098363533 
11.515030994963958 -8.193431816244791 
10.542574984851859 -8.426518298900598 
9.634271030839773 -8.00820749683351 
10.631796333162816 -8.07851589764964 
11.107627279555452 -8.958052656662638 
12.106136434052603 -8.903468149837117 
11.94744295500489 -7.916140251057926 
11.41640613082271 -7.068791508589689 
12.410907081519753 -6.96406396177092 
12.873035813280065 -7.8508768142271785 
13.423359939138095 -8.685827924471722 
14.42253764583748 -8.726373089842678 
15.314644730222481 -9.178197115310661 
16.135177589980184 -8.606597757317806 
15.766979793589853 -7.676850274001339 
15.757357874295062 -6.676896565738259 
16.608406265765737 -7.201983830271664 
16.217730977327513 -6.28145527612263 
15.23863422001022 -6.078060242233496 
14.275069337128372 -6.345534944732424 
13.351188909340058 -5.962853673764427 
12.528876383865384 -5.393817549737609 
12.715907231535667 -4.411463508660902 
12.417970360531566 -5.366049084131371 
11.571184016043983 -4.834115924054508 
11.19308020554754 -3.908352720806469 
10.384965978968383 -4.49737852397673 
10.629407039911454 -3.5277143719503563 
11.0856924084426 -4.417547874614982 
10.6699399099959 -3.5080700793745896 
9.7164812569975 -3.809593871176292 
8.82195616575789 -4.256611612594645 
9.821901593556461 -4.267058689924306 
9.291034386393067 -5.11451370841115 
9.219688822439979 -6.1119653666403675 
8.321794076592472 -5.671755160739322 
8.226630551809661 -6.667216814220215 
8.772210661384479 -5.829158138448447 
8.299834462692514 -6.710555169819287 
8.655121661219967 -5.775797978585909 
9.599776850431065 -5.447733086382328 
10.001154423404154 -4.531820402817878 
9.890964303296782 -3.537909874937867 
9.297767195918123 -2.732852614988246 
9.506365868003122 -1.7548512888110392 
8.564302338761895 -2.0902857934070345 
7.569598179463563 -2.193065341346302 
6.677420936960061 -1.7413798667526996 
6.53036694456133 -0.7522514002127896 
7.524283586090303 -0.8623863614729106 
7.746675598411651 0.11257096726289695 
7.480094192518906 -0.851241438774838 
8.10944596994214 -1.6283619829983296 
8.873088219535077 -2.2740015996860286 
8.4248127526138 -3.16789706659282 
8.17023857978022 -2.2008438154602374 
9.074116055410393 -2.6286352471748344 
8.093400952261309 -2.824078043039206 
7.475826034282437 -3.6105901031396153 
6.856222861619789 -2.825674879420276 
7.098307420818556 -3.7959300346230394 
6.850046769737171 -4.7646233034778644 
6.559088200302755 -3.8078876498761614 
5.589928903083793 -3.561452553726995 
6.57021366732867 -3.363862622330264 
6.704490787707931 -4.354806442605992 
5.722008431260259 -4.541162068410609 
5.967256720108796 -5.510622370236766 
6.592686568422199 -4.730341968817717 
7.591573267623049 -4.777515713206201 
7.464947933373692 -5.769466329278512 
7.199777606488993 -6.733667914912898 
6.698679430486644 -7.599058357434144 
6.832647286311431 -8.59004403523464 
6.387551989881117 -7.694560826516794 
7.303974411727527 -8.094773201059562 
7.460199034985935 -7.107051647640903 
7.883665402988807 -6.201139822367352 
6.981390641885197 -6.63230134137783 
6.007193602150349 -6.406602143834154 
6.028737971142362 -7.406370036979726 
6.9379164703307 -7.82277663708789 
6.189604542106224 -7.1594296252781096 
6.394708949381754 -8.138169724648803 
7.095487565964102 -8.851548537441088 
7.709080787824338 -9.641170825682229 
7.440955655953866 -10.60455492024651 
8.29760027616903 -11.120461883425355 
7.335259836718813 -10.848614723059896 
8.33194855514165 -10.767302986092576 
8.05173776329257 -11.72724148002399 
8.979525877350918 -11.354133968156361 
8.184233815331499 -11.960360440762846 
7.334588016340732 -12.487714227378 
6.447733716112758 -12.025665041503649 
7.447691828762481 -12.016512285306524 
8.3837985179485 -12.36822845846492 
9.060199457147194 -13.104762075790786 
8.550053635301168 -13.964850001791985 
9.541622108090332 -13.835266191960024 
9.092211139203215 -12.941941065791536 
9.218654295395151 -11.949967211170245 
8.438006947521227 -12.574938985138806 
7.440755224194923 -12.500851197192912 
6.788220912816605 -11.743092018776693 
6.396954862290585 -10.822814409733764 
5.864503886397822 -11.669275252461203 
5.469407107063311 -10.75063575028448 
6.46638110580852 -10.828371493839082 
5.518719617284432 -11.147648337923195 
5.081177137464238 -12.046846079442153 
4.083321588491742 -12.112300669692178 
3.105022982587689 -12.31950066410865 
2.1448138801697123 -12.040218585138906 
1.1551226211754102 -12.183435943969018 
0.4021304872238327 -12.841465461701352 
1.0125773327814682 -12.049408236023352 
0.3117652838027002 -12.762754205386171 
-0.05314963498399217 -13.69379507562061 
0.7356444081145127 -13.07913748185615 
1.2495549261338534 -12.221293685195539 
1.4429654000238432 -13.202411613168344 
2.4423935102795253 -13.168596639698656 
3.4363716829799955 -13.278174886604846 
3.917827314268388 -14.154645351081943 
2.9399169187152308 -13.945620811209068 
2.1589637730267848 -14.570210423866307 
1.4681624548972199 -15.293255055179241 
2.4141140173549975 -14.968947112810126 
2.0381887117324027 -15.89559708156454 
3.0366060356460967 -15.839357884299483 
3.1388891407870276 -16.83411321421872 
2.507075288720561 -16.058993058154556 
1.5287567470882544 -16.266098903312137 
1.892168520627632 -15.334470284788123 
1.0899091322174863 -15.931445890410144 
1.4374773102665084 -16.869100603834912 
2.305199521455786 -17.36615006234864 
1.3654573705663076 -17.708034092162286 
2.2115336894214392 -18.24109587345274 
2.8765450052592203 -17.49426259231986 
2.353194901332267 -18.346380347515495 
1.7862439723381698 -19.170131914502004 
0.8370607621720257 -18.855407855144136 
0.7010457689528784 -17.864701076314198 
0.6869262388746604 -18.86460139078078 
0.017383932046613593 -19.607375312891257 
0.2747821042320348 -18.641069884491102 
-0.3310808879898845 -19.436638885053533 
-0.3136841490423346 -18.436790219767637 
-0.23907353678851584 -19.43400296363883 
-1.2255647048131544 -19.270188509424973 
-2.0178286585988885 -19.88036703045943 
-2.802293898294332 -20.5005398190511 
-3.228823815206522 -19.596066364504818 
-3.4835039985678495 -18.629041026572537 
-3.8215610099746273 -17.687915393599596 
-2.9323359469924943 -18.145385378805646 
-2.5293563621582855 -19.06059434631353 
-2.709579742452225 -20.044220054189967 
-3.7075995676316023 -20.107120201637535 
-2.9285017897437604 -19.48021777502696 
-3.182079507083554 -20.447532791590202 
-3.7479100674029806 -21.27205433588641 
-3.0881951418079265 -22.02357028178983 
-3.1499414413337368 -21.025478405009505 
-3.585431858480701 -21.9256717712221 
-4.5806864429008805 -21.828366518585796 
-3.5937987891787895 -21.98977518914257 
-2.729264337229864 -21.487201630950963 
-2.676829325327869 -22.485825969492158 
-2.720325003846206 -21.486772354339184 
-2.506134756177722 -20.509980391942015 
-3.4572227764998997 -20.818900410069105 
-4.4204254352954795 -20.550124224202268 
-5.419329093393415 -20.59693748982818 
-4.449241727493987 -20.839693545411368 
-4.703320486208309 -19.872510013515694 
-5.060397847959493 -20.80658482728856 
-5.547162101633869 -19.93305144993837 
-4.5523649146772796 -20.034926652138203 
-5.551679280746297 -19.99790236594553 
-5.83398833467668 -19.038578855304344 
-4.877937082748401 -18.74537925829512 
-5.82898628397041 -19.05441876524363 
-6.781755185993765 -19.358115026888733 
-7.765682958950195 -19.179548127366452 
-8.484264036279654 -18.484104933925007 
-7.4851582722831305 -18.441824059419833 
-6.758311765090501 -17.755024121314218 
-5.803542835870686 -17.457675350009463 
-4.803833197383052 -17.433578903903765 
-5.803814407218675 -17.439709154770156 
-6.214182967573073 -16.52778939696651 
-6.3496042635138785 -15.537001290151682 
-7.348338732840162 -15.486707555158668 
-7.280896025585953 -16.484430703751617 
-6.572685772348911 -17.19043228817613 
-5.810902685365709 -16.54260011207931 
-6.109600905453318 -17.49694772868266 
-7.082390294334419 -17.728638912978337 
-6.082494958761137 -17.714171090101605 
-6.004171352092307 -18.71109907779098 
-5.726783958071184 -19.67185723343587 
-6.4492497557476005 -20.363263894661937 
-5.848200127518285 -21.1624755965316 
-5.456477602595285 -22.082558996810047 
-5.567291716812508 -21.088717846479547 
-6.545310925953037 -21.29723265782909 
-5.570244449961016 -21.519145630402804 
-6.417676550392966 -20.988241839535295 
-7.417636147790303 -20.997230920297874 
-8.406087267569484 -21.14877096057529 
-9.128609977613271 -20.457423773215 
-8.358152440631113 -21.09491509371073 
-8.952194373429077 -21.899349169367433 
-9.64855789140243 -22.617038413285563 
-10.647079593969858 -22.562683933232446 
-11.031087763379592 -21.639354238147 
-11.93038755882832 -21.202021552533548 
-11.026941759068128 -21.630723881540128 
-10.648680418619588 -20.705025032927864 
-11.64252078960141 -20.594203929311647 
-12.64218644408685 -20.62006082862685 
-12.135809779488506 -21.48237322767389 
-13.12499897634038 -21.335728306754202 
-13.750900295874542 -22.11563056871104 
-13.072879170438139 -21.38058815261388 
-13.132326142540439 -22.378819617509606 
-12.388412709575405 -23.04709561158255 
-13.373789911549693 -22.876708494025724 
-14.131713856650034 -22.22436556776413 
-13.131816845589194 -22.210014007862963 
-12.33019136989252 -22.807840568592813 
-11.392168886467273 -22.4612661601482 
-11.700932503371712 -21.510127353834374 
-12.314047970217034 -22.300120660334525 
-11.489312807960312 -22.865639813093633 
-11.137938311294457 -21.929404819572873 
-11.746801349532086 -22.722680182021527 
-10.97026762816496 -22.092604488489613 
-10.744204016772779 -21.118491946939958 
-11.425777273765293 -20.386742061150684 
-10.475554895347528 -20.698314575269123 
-9.600782311288008 -21.182848295641428 
-8.645733770227025 -21.479297758817346 
-9.216155753108211 -22.30064954791012 
-10.183633836509408 -22.04769469395719 
-10.99435035354572 -22.633133613917686 
-11.766866745059211 -21.998138791227788 
-10.805075960073891 -21.72435331696496 
-11.572335472069867 -21.083016555776506 
-11.61226928378039 -20.08381422857632 
-10.872123817396917 -19.411367436189003 
-9.92726981116993 -19.083875593669507 
-10.64679626479646 -18.389410560329722 
-10.735186354903481 -19.385496496366805 
-9.815294219673945 -18.99332502934907 
-10.256680059867547 -18.09600761612419 
-9.256923210407285 -18.073956721419176 
-8.355501205580083 -18.506898252359914 
-9.146797767928245 -17.89546571281366 
-9.404703239291894 -16.92929555810969 
-8.672639597177874 -17.610531804866095 
-8.837257722349635 -16.624174429030678 
-8.865816068197688 -15.624582301769552 
-8.170199312287103 -14.906169238903603 
-8.322003945819999 -13.917758720324432 
-7.968073326282175 -12.982487039713085 
-7.247086143445584 -13.675435437637026 
-7.691004460450755 -14.571502693944998 
-8.56065251187275 -15.065174919878286 
-7.76054385770298 -14.465319819439323 
-7.00774919766965 -13.807064398021996 
-6.7112327889364 -14.76209215644158 
-6.946400637126354 -13.790137382196551 
-7.83547619541061 -13.332376908082043 
-8.148574382441003 -14.282097669821136 
-9.023824404504104 -14.76576842444513 
-9.985953457454919 -14.493174063777177 
-9.854331875816683 -13.501874028849784 
-10.054370485070915 -12.52208601360994 
-10.244965376006434 -13.503754790514492 
-9.533883086622104 -12.80064599543087 
-8.60378598392797 -13.167959729941272 
-8.413894446046765 -12.186154655682072 
-9.161227313256623 -12.850604492455242 
-8.755685953124406 -11.936527796973888 
-7.950809545102063 -11.343085324775403 
-8.656449585530924 -10.634514838977726 
-9.14596097500959 -11.506511742395775 
-9.740891984108362 -12.310288511413589 
-10.123466952448311 -11.386364059090951 
-10.990744899266591 -10.888539830107801 
-11.934726446570883 -10.558541590189776 
-10.935249773371888 -10.590889383484976 
-9.935897857028356 -10.554892893371186 
-10.760521934892541 -9.989211772768206 
-11.545381100117302 -9.369537591635336 
-11.38819135553986 -8.381969171626029 
-10.598664092555769 -8.995684660272723 
-11.221211905459063 -9.778266426383666 
-11.44407421151131 -8.803416493039526 
-10.519280134315483 -9.183884513750227 
-10.96836026230464 -10.07737600147982 
-11.764522740866244 -10.68245889475201 
-12.741363816404876 -10.896425044272275 
-12.375685538515484 -11.827166360148953 
-12.867418238880717 -12.697912563925643 
-13.86313879924018 -12.790327744915757 
-14.173632186019105 -11.839752205168098 
-13.662701379723835 -10.98013036320591 
-13.933333680825074 -11.942813154991786 
-12.977946114210622 -12.238168191445403 
-12.194804979980889 -11.61632418859793 
-11.264816962470851 -11.248734352928134 
-11.717804571167214 -10.357217540766102 
-12.688035257618957 -10.115034933902233 
-11.85219879136585 -9.566056426416264 
-11.600768571892377 -10.533931854731044 
-11.669346914710003 -9.536286120566663 
-12.577420198113941 -9.117474812257072 
-13.530163931292515 -8.81369960114044 
-14.114795979626772 -9.62499817013985 
-15.09490598197681 -9.823453160738241 
-15.309885432403648 -10.800071733106273 
-14.559198077386064 -10.139414109963466 
-15.54343185925001 -10.316286557331038 
-16.093965145808532 -9.481473344455804 
-15.437957140319055 -8.726719413208196 
-14.60001476227195 -9.272478124611654 
-14.49242935253015 -10.26667397031344 
-15.216295082680963 -9.576733099866392 
-14.302842530609452 -9.983678348166505 
-15.028756660242742 -10.671463689969269 
-15.900005686348132 -11.162304941811865 
-16.754535210511527 -11.68170776461232 
-17.733111125894283 -11.475821442014633 
-17.549737651175615 -12.458864761899164 
-16.618187988314414 -12.09525064552965 
-17.392705847265592 -11.462698603270924 
-16.6582081857182 -10.784087385281262 
-16.359113408013187 -9.829863976456268 
-17.098921218741562 -9.157045722255859 
-16.124255321793967 -8.933379923959968 
-15.883921179397447 -7.962689705610917 
-15.416235798455869 -8.846584713207143 
-14.495920627823033 -8.455407021226817 
-13.764061852100907 -7.773950689244707 
-14.47236626658432 -8.479857805247448 
-15.462662273880783 -8.34088364242326 
-16.449360125718332 -8.178318734835036 
-16.445659262905338 -9.178311886618808 
-16.18486934756446 -10.143707463600855 
-15.804887779692233 -9.218713405199741 
-15.24495854814533 -8.39017296825095 
-15.801469265947155 -9.221013398761945 
-15.446768665201374 -8.286033461099867 
-15.977317443697158 -7.438379054141093 
-15.136313842001192 -7.9794085745319965 
-16.093713687979356 -8.268174110773751 
-15.818325799691525 -9.2295073053449 
-15.504540625557969 -8.280013300890962 
-16.21985343301626 -8.978817699479103 
-16.85294909740796 -8.204744137258798 
-15.858610025674668 -8.310997656845553 
-14.913466785477508 -7.9843414836150215 
-14.750728504248825 -8.9710107553686 
-13.763268801645678 -9.128882018538638 
-14.655328956597257 -9.58079869221617 
-14.822389411309288 -10.566745346184533 
-14.898715419209053 -11.563828261752784 
-13.972284324685809 -11.18736388481857 
-14.880772183515207 -10.769452637829959 
-15.491000708609372 -11.561678077437524 
-14.584387638965442 -11.139715114666133 
-15.132874403633773 -11.975874351285372 
-15.930618306753715 -12.578870756776283 
-15.307504174478876 -13.36100167814391 
-16.203599319212238 -13.80486369677729 
-15.214927084461902 -13.95495437681365 
-14.270166516958973 -13.627193076334867 
-13.475807022375836 -14.234641011030197 
-13.55443562886509 -15.231544989476244 
-12.729573017447738 -14.666211749443653 
-13.010317419050994 -13.706429179812162 
-12.021880341954375 -13.858060788062868 
-12.008856137569703 -14.857975969515849 
-11.70818340675394 -13.904248592880474 
-11.242305375936589 -14.789097540668596 
-11.893134906812293 -14.029873646326413 
-12.878177986727376 -14.20218188963301 
-13.061582251300864 -13.219144313679651 
-14.059156769382817 -13.149537698523034 
-15.014813405527422 -13.444020964249251 
-15.182372330388962 -14.429883026963527 
-15.169540025674134 -13.429965364375398 
-14.298155607276511 -12.939364512996361 
-13.591255619143892 -13.646678026777982 
-12.830510953962742 -12.997626754228255 
-13.751761067396506 -13.386597483844607 
-13.16816376551067 -14.198640702664623 
-12.1999517846098 -14.44877178837772 
-13.189785596008008 -14.306543008544327 
-12.590093450306632 -13.506312210346657 
-11.779316928323631 -14.091668026411678 
-12.293722222273898 -14.949215222521572 
-11.842528833533454 -14.056789020554756 
-12.702219242368274 -13.545973593069037 
-13.463417716551845 -14.194492585004204 
-13.319391145831522 -13.204918764146687 
-12.408912934840687 -13.618475806537367 
-11.726042471216214 -12.88793632785788 
-11.524012403476721 -13.867315647493115 
-11.123321323237729 -12.951102430923463 
-10.883638888216245 -11.980251087852768 
-10.79283885576991 -12.976120232925425 
-10.046344843870868 -12.310728100270648 
-10.628547066257793 -11.497684084089652 
-10.390680515526377 -12.468981929265444 
-9.809088407779909 -11.655501370058882 
-10.439710970582027 -12.431591044829066 
-10.153201059908074 -11.47351376658602 
-9.189160107259815 -11.739267490204401 
-9.93281077947237 -12.407835869443065 
-9.761429040158315 -11.422631170190321 
-8.815606097998993 -11.097948306329165 
-9.016906091154933 -12.077477944857485 
-8.076036069345168 -11.738710174755763 
-7.224237241006814 -11.214841149100106 
-6.736692681403019 -12.087939254928278 
-5.972976397143325 -12.733491295554414 
-6.448103572153968 -13.613408432315829 
-5.471316765459786 -13.827622190669912 
-5.116935845831382 -14.762723342312517 
-6.066228693093049 -15.077116551745922 
-6.293224045125459 -14.10322071021271 
-5.648424263642864 -13.338869193042765 
-6.354940351379797 -12.631172211440541 
-7.2305455456946826 -13.114199688597681 
-7.069825977261914 -12.127199576985335 
-7.434887049606408 -11.196216003844171 
-8.037137107478237 -11.994523505871665 
-7.0683339910885135 -11.746691866096677 
-6.687940984935282 -12.671516801351835 
-7.61414725288072 -13.048533974990628 
-7.5030862887142336 -14.042347570308387 
-7.9943843044289205 -13.171356032028703 
-7.6667802614304135 -12.226540922596687 
-7.399743598778698 -13.19022729315499 
-6.958051432613323 -12.293060625055835 
-6.070578809095356 -11.832200187931821 
-6.961030580326526 -11.377122564760487 
-6.889817238258597 -12.37458367172733 
-7.6812805199105245 -12.985800387628293 
-7.054516050031927 -13.765009152528817 
-6.962238376907284 -14.7607424657421 
-7.246104810583952 -15.719606297488657 
-7.13361099509854 -16.713258722372498 
-8.025755664357236 -16.261508914278135 
-7.059279442657558 -16.004752779221707 
-6.343601899803129 -16.703183630955685 
-7.343504475360135 -16.71714211921436 
-7.285353587434835 -15.718834313858967 
-8.111286696223248 -15.155066187935631 
-9.034374901452589 -15.539654494266536 
-9.966427428801072 -15.901977673573775 
-8.982423001708895 -16.08012168122768 
-9.721466278768833 -15.406463730460002 
-9.1082941536151 -14.616514399847935 
-8.302786324919143 -15.209099531208421 
-9.272379949330777 -14.964378866980175 
-8.420917895970502 -15.488795086873786 
-8.410840369258858 -16.488744307312192 
-8.890856677400622 -17.36600387204657 
-7.978850296570074 -17.77617988466111 
-7.1381515526428245 -18.317682998187845 
-6.64845344674961 -19.18957505864292 
-5.733260174803015 -19.592590287863462 
-6.612761806701216 -20.06848615828934 
-6.578536271079718 -21.067900293025996 
-6.242165056082275 -20.126170817156655 
-7.236514978035461 -20.020018884947714 
-6.984221577566592 -20.987669669104815 
-7.625439398943996 -20.220310753376317 
-7.0636039913462865 -21.04755979373207 
-7.9493626995084465 -21.511705795454482 
-7.50762081461437 -20.61456360654002 
-7.36604491094116 -21.604491009685884 
-8.159524619146094 -22.213087717421814 
-7.766577289527772 -21.293526737309115 
-7.974831625627915 -20.315452030808896 
-8.364609126093493 -19.39454296899508 
-9.238136194182431 -18.907767393071286 
-9.02719068425749 -19.885265214983185 
-8.79718625946764 -20.85845479804349 
-8.80677727962736 -21.85840880315187 
-9.73851174404521 -22.22154911737763 
-9.306972672137084 -23.123643363793533 
-9.974696135291584 -22.37923394905393 
-10.974689214132612 -22.375513428923412 
-10.702236567538272 -23.33768262161446 
-10.919242071162284 -24.313853001925647 
-10.759401967845417 -25.300995920337996 
-11.743246440092765 -25.121970630425263 
-12.64837617839789 -24.696835173381633 
-12.962228706554848 -25.6463069162837 
-13.461649515549073 -24.779947374555466 
-13.190655451266682 -23.817366356082886 
-13.330153309431596 -22.827143983296146 
-13.087689734269812 -21.856983473524817 
-13.459323478068763 -20.92860404652852 
-12.844960117485371 -21.717627278868786 
-12.638768496100303 -20.73911564619874 
-13.069755970290165 -19.83675773655787 
-12.945995959760264 -18.844445557960007 
-13.61356709617658 -18.09989953666661 
-13.904738947249871 -19.0565703019472 
-14.827677085153127 -19.441518601857297 
-15.816100576180695 -19.289798456903252 
-14.816259080252953 -19.307602473893095 
-14.04527221260135 -19.944453516059763 
-13.27689470085157 -19.304456641507073 
-13.161601456100112 -20.297788140914335 
-13.648103967709558 -19.424108962841686 
-13.223203345380456 -18.518868960884006 
-12.240960272102695 -18.33125620812487 
-12.246065830703877 -17.33126924157412 
-12.0284975367257 -18.307314341687544 
-12.756325814978641 -17.621554910563656 
-11.91744071670907 -18.165863455325955 
-10.956969267442924 -17.88748494476059 
-9.958067725195503 -17.840626552815007 
-9.577876913374018 -18.765534627494063 
-9.66265433689391 -17.769134713573287 
-10.57236067862365 -17.35388253499177 
-11.55854817674296 -17.519515317233623 
-10.602657750072716 -17.225791821067283 
-10.30436419560515 -18.18026599848808 
-10.354776556389664 -17.181537509918673 
-9.355074984867507 -17.205966343213106 
-8.565234196818462 -16.59265440827782 
-9.508957624185406 -16.9233900922292 
-9.248490530015543 -15.95790736692817 
-10.09825794326534 -16.485065164346313 
-9.586434369423781 -17.344155747032477 
-9.800732136661413 -16.367387367652306 
-10.732644241870691 -16.004703168707255 
-11.723186134232602 -15.86749252962965 
-10.95381299338931 -15.22869289739046 
-11.30458252121685 -16.16515471633859 
-11.898498642152846 -16.969681683750085 
-11.45664496851458 -17.866768820594867 
-12.030811131861327 -18.685507617078628 
-12.373149869462106 -19.62508421786108 
-12.901821800383516 -20.47391046006606 
-13.900654769840648 -20.522208484098602 
-14.281312570989352 -19.597492506933378 
-13.378704184359048 -19.16702984840811 
-12.907525537170635 -18.284992047384993 
-13.64480741291523 -17.60940679318051 
-14.644548495901812 -17.58665229936467 
-15.018040035484562 -16.659018713372813 
-15.550218388132343 -15.812386443155633 
-14.55873857846319 -15.682125984771597 
-13.650467357635778 -15.263744114446553 
-12.714188822163017 -14.912485656878653 
-11.816883045665723 -15.353895153224833 
-12.652368818294526 -15.903407231103792 
-12.406471852706574 -16.872703203608907 
-11.84457601372612 -17.699911198091826 
-10.848960504896034 -17.60637105389156 
-11.790823045008576 -17.942369499621226 
-10.799647183516523 -18.074922928831814 
-11.012330202287657 -19.052044176951206 
-11.204417400766719 -20.03342203903108 
-11.017833341166863 -21.01586103902204 
-11.122859460156482 -20.021391575272663 
-10.3344828611345 -20.636584502828345 
-9.402396880341579 -20.99882161358496 
-10.29104519554163 -20.540232285436 
-10.707550748848007 -21.4493654572348 
-10.025006218287338 -22.18020946507896 
-10.279949843129117 -23.147165383491238 
-9.28751886242178 -23.02436168431131 
-8.315515597511316 -22.78939433976446 
-8.13681023719504 -23.773296974273702 
-8.313896780676393 -24.75749225780123 
-9.26980924166585 -25.051144036146052 
-8.290476086156056 -24.84889030807354 
-7.380649475789785 -25.263878909205452 
-6.9100940678577185 -26.146249357524006 
-7.814593015613577 -26.572725210895033 
-7.396544884527367 -25.66430033227527 
-6.428592642524244 -25.915434673218773 
-5.852672032095258 -25.097929046031346 
-5.442058282983819 -26.009738427997032 
-4.509137721480689 -26.36982067683011 
-5.175108923039314 -25.62384322496272 
-4.210010139480339 -25.885729341381644 
-3.4292112215007773 -26.510511743248042 
-2.486113491548744 -26.843027414697257 
-2.987356947544776 -25.977721111807263 
-3.9246166419785795 -25.629089120748134 
-3.251477679379522 -26.368605136146762 
-3.7195428886693476 -25.48491120731593 
-2.8394864464931278 -25.959780303577343 
-3.1543507832541713 -25.010643617195434 
-2.547020279066577 -24.2161943370754 
-1.547840605158708 -24.175697679813783 
-1.2423360684458724 -23.223507059166913 
-2.2411432824776014 -23.2723348094548 
-3.185935758032934 -23.6000041216188 
-2.723018415249278 -22.713602669820506 
-3.712155454480039 -22.5666063514251 
-3.2916030384299777 -21.659338108095458 
-2.9454323416645964 -20.7211665626407 
-1.979652607769245 -20.98053021776035 
-1.7970262246670619 -21.963712603787997 
-2.663182944886276 -21.463940119532317 
-3.6588417759748704 -21.370862237759614 
-2.751137532722421 -20.951251695969376 
-2.970212829742208 -21.926959651371856 
-3.2131821966222436 -22.89699361302367 
-2.7926214699127505 -21.989729222038562 
-2.5056619315266886 -22.94767192561183 
-3.5056012242106505 -22.95869058917406 
-3.8589311116490888 -22.02319179674152 
-2.9265408437939713 -21.661738634618043 
-3.3362684927783435 -22.573946535075905 
-2.460402128117077 -22.091392795835333 
-3.4601675851991676 -22.113049915344604 
-3.73722454300206 -21.152196418638155 
-2.7580028312663565 -20.949403817033957 
-2.045267115298486 -21.650836493193093 
-2.393116860295265 -20.713286198592492 
-2.5461284195313696 -19.72506179961211 
-1.5929659034604706 -19.422603177719143 
-2.4268195292254773 -18.870617552182978 
-1.4718784764469919 -19.167413080650505 
-0.5785180981985948 -18.71807219159646 
-1.0047790863609412 -17.813471964993095 
-1.9755580302989562 -18.053447467923274 
-2.966708666342453 -17.92070555038939 
-3.966639057127177 -17.932504431061243 
-3.935567191894667 -18.93202158408613 
-4.727363560469421 -19.54280674329666 
-4.22248590229156 -18.67961583146264 
-5.22170474521605 -18.71913423153963 
-6.187877308460902 -18.977030679814654 
-6.908943935449542 -18.284164950078203 
-6.646437647260185 -17.31923466831633 
-6.307839267945402 -18.26016566340864 
-7.277891855451578 -18.503060656095958 
-7.940030299373114 -19.252442188481943 
-7.690151715079564 -18.28416501064935 
-6.690175333584408 -18.2772921326601 
-6.073205460970036 -17.490305362576763 
-6.133326394417798 -18.488496463198967 
-5.436978352524482 -19.20620072301031 
-6.203705973783938 -18.564228173131564 
-5.547078716442404 -19.31844342418138 
-4.657412733274683 -18.861831511947134 
-4.579651287150423 -17.864859517607943 
-3.8952596937217416 -17.13574488543811 
-3.66385839995266 -16.162886498394037 
-2.8153062696822753 -16.691998284516394 
-2.3277886600450755 -15.818885130169473 
-1.4453124274723965 -16.28924212112882 
-0.5566627019770819 -15.830655525841623 
0.3231902366460715 -15.355409477571675 
1.3179657251334724 -15.253322615024857 
0.44631484498545704 -14.763195342638193 
0.5347177854490436 -13.767110546992063 
-0.4108065885188088 -14.092661861277078 
-1.0193848620902675 -13.299168014459863 
-0.15617225606942697 -12.79432744872974 
-0.1487568411854317 -13.794299954162813 
0.6193987641505385 -14.434563154722497 
0.48762223318499764 -13.443283705784566 
0.7430289327290229 -12.476449998351882 
0.649772912591165 -11.480807836373971 
1.3251207902106128 -10.743308518276045 
2.261061404764005 -10.391150647386556 
2.802278155529225 -11.232033771661944 
2.863103886037671 -10.233885370617234 
1.9701672033390218 -10.684067645580534 
2.004862190957701 -11.683465593264108 
1.2997439247335194 -12.392555313001324 
2.2134851891862537 -11.98625874442571 
1.5291470125535525 -12.715423513187222 
0.5347210247777177 -12.820860484103761 
0.9971156585316234 -11.934186247038316 
1.1053666895962841 -10.940062655992696 
2.023364231885469 -11.33664872779933 
1.8163899028588941 -12.314995101597486 
2.5213171872833438 -11.605715520843908 
2.1693804358636184 -10.669691737492155 
2.3211329472113458 -11.65811025982956 
3.2853530704462237 -11.393007347833262 
2.8448084026483462 -12.290738040009293 
3.6433691407370765 -12.892652276078836 
3.0514857599042293 -12.086628663835448 
2.8965074880180772 -13.074546542630635 
3.311593516146274 -13.984328708455378 
2.9252188101902252 -14.906670611763134 
3.215080994912348 -15.863739007369277 
3.8738743439848835 -16.616062955690605 
4.872446023963851 -16.66949141200353 
5.274690024238705 -15.753958908897888 
5.799010062020959 -16.60548019341168 
5.200020063476154 -17.406236699250563 
5.644059824116228 -16.510229617263647 
5.408464858545158 -17.4820809496173 
4.408864619887758 -17.510353955755132 
5.178961739146484 -18.148280618397017 
5.169684467135392 -19.148237583583036 
4.348069361970833 -19.718280230202947 
3.395697615901785 -20.023219662368408 
4.393987740425401 -19.964766028789114 
4.660447028976004 -19.00091985457608 
3.845133796450393 -19.579940003507563 
4.844971203383675 -19.561907818478307 
5.843720987757738 -19.611896499324697 
5.466341275949533 -20.53795511146302 
4.558285316692595 -20.95680398021876 
4.226940725873209 -21.900313790520027 
4.756743992651085 -22.748434358901367 
5.601629560457025 -22.21348727991763 
5.1507286162293076 -23.10606127600678 
5.4783424386022 -24.05087299449371 
6.428729894689916 -23.739804379376206 
5.730446066421479 -23.023983385566456 
4.896428456480186 -22.472245561679227 
5.780516947608483 -22.939565088185976 
6.499852730590305 -23.634227618715677 
6.103194769229253 -22.71626113692623 
6.942867884180482 -23.259353265416507 
6.220132636916915 -23.950478263056493 
5.444666998474118 -24.581868034587917 
5.702804644207867 -23.6157598854374 
5.525571445390992 -24.599928769947134 
6.356953407617788 -25.15563015817999 
7.163848566336968 -24.564935479995437 
6.7307835898781905 -23.66357277488458 
7.730696731451944 -23.650392892179998 
8.177579521975566 -24.544985409214327 
8.145070340888175 -25.544456846097358 
8.765220415580789 -24.759973650063976 
8.458059027606833 -25.711631089344472 
7.932913668951554 -24.860618544029883 
6.977353454698534 -24.565822551966352 
6.952733200306673 -23.566125676371716 
5.97080668289859 -23.37686312220203 
6.122863207602987 -22.38849132308248 
5.174243457131614 -22.072072978140802 
5.953600091744034 -21.445492387884766 
5.11474931068342 -21.98985381847477 
5.9431231472208195 -22.550029493544933 
6.8236342807643595 -23.024054960904937 
7.179173697016557 -23.958716249014724 
7.8556894334522385 -24.695144424979556 
6.880614579278377 -24.473268268626914 
6.005540892057903 -23.98927855599413 
5.667278021147275 -24.930330217787095 
5.438616840693138 -25.903836285848985 
4.500526123989723 -26.25022596126509 
5.464166718415129 -26.517427766602275 
4.621870660472674 -25.978412599121246 
3.6219279092581065 -25.989112799747446 
2.6220040344730435 -26.001451545016963 
2.8881890385544136 -25.037529585726585 
2.3948711580953033 -24.167680478800946 
2.8038505825338507 -25.080224083450013 
3.803848658939246 -25.078262659092946 
4.416172507719514 -24.28765561117665 
5.304994795627481 -23.829403562061703 
6.051573252133052 -23.164106178719667 
6.793404023193734 -22.493519042616153 
5.885268264376472 -22.91219486417431 
5.487671716623679 -23.829755208356133 
6.044086121165157 -22.998850273710325 
7.000500359816983 -22.706836910824226 
6.002954080421089 -22.636826765392236 
6.984686828338496 -22.827091874296986 
6.549646001779134 -23.727502602368652 
7.080206429975864 -22.879855487095025 
6.192782770476932 -23.340810201314895 
6.67758008172454 -24.215436731330474 
7.612125272241154 -23.859592261256445 
8.597630434319598 -23.68994682065535 
9.240649923479896 -24.455796633973883 
