0 0 
0.8029087344965118 0.5961019745557047 
0.034846318805602516 -0.044273013715265264 
0.11862845023742344 -1.0407571101527053 
0.7399074974319019 -0.2571677116045109 
1.639570185865638 0.17941795815594058 
1.020693903557473 0.9649064349628409 
0.5465883934423275 1.8453744725874088 
-0.18219358689699583 1.1606286619885458 
0.8175883384479083 1.1397456125551808 
0.9997523029709708 2.1230137804672924 
1.5363080773435647 1.2791489210333744 
0.9305440285250526 0.483504580163031 
1.1614200187503885 1.456487764569355 
1.2526062393228778 2.452321622789543 
0.6074636849458173 1.6882593972268332 
-0.10022035992797484 2.3947884430777937 
0.8959549425744691 2.4821655950350667 
1.1288228813592973 3.4546739616243243 
0.13070615477783198 3.5160172588808325 
-0.8686578089226515 3.5516777139656837 
0.10614850633843476 3.7747307294734407 
0.15042328251479808 2.775711338172885 
-0.22183436737585677 1.8475819064135606 
0.7712451654807801 1.730138126581491 
1.3325913789686217 2.557719197294725 
0.8263131691207375 3.4200894044756214 
0.05770888130149043 4.0598139145155825 
-0.9316932185679573 4.205015446098164 
-1.8484421536790738 3.805551567915626 
-0.8986867229626917 4.118544573947293 
-1.1198294827495854 5.0937860208689445 
-0.12098261887633555 5.045776203846033 
0.8225774567300109 5.376977628543672 
0.18401033870239758 4.6074114937807735 
-0.18037111160964464 5.538661276958463 
-0.05857072480444113 6.531215892974178 
0.63864526645499 7.248077010298956 
1.5393464242550903 7.682516217021322 
2.2966229692806297 7.029421863689293 
3.296138927432038 6.998311585634077 
3.7112891303331446 6.088558702137043 
4.227848526221907 6.944810061563139 
3.7017710977515224 6.094373385934678 
3.177693560773216 5.242702830358901 
2.2907439004085433 4.780836724242646 
1.694894520736502 3.9777405178361884 
1.1023784227678368 4.783299127527616 
2.0557567887350996 5.085076680214346 
2.801732985341217 4.4191040725966815 
1.829415855354085 4.1854389302806165 
1.8314312926380278 5.185436899284832 
1.2160572946256778 4.397201628207537 
2.215642475424053 4.426002085292096 
2.2656750623368103 3.427254499439285 
2.1830504721104256 4.423835242324638 
1.6993949615217492 3.5485767964486747 
1.1207909162945897 2.732968214562261 
1.0542492162178612 1.7351845696016417 
1.0120699963051463 0.7360745088938362 
0.03768334392123718 0.9609537023646396 
0.44071080591453043 1.8761415873801945 
0.40011765023162427 0.8769658292116412 
0.6142018369091188 1.85378104255275 
-0.3592836505531539 1.6250322596044218 
0.5700015608327416 1.9943952191705803 
-0.33431631973221543 1.5675355573489176 
-1.2576524844418016 1.9515281704802017 
-1.139923203120621 2.944573897684945 
-0.7545970358488184 2.0217934553176273 
-0.8506070737322656 1.026413089514876 
-1.7848505885058308 0.6697773438253344 
-1.7866286883787867 -0.33022107535383705 
-2.3423695247344183 -1.161576668831588 
-1.9748127496509675 -0.23157558437509473 
-2.538176286397423 0.5946335450010731 
-2.70330365207185 1.580905796007571 
-1.7533871997292505 1.8934097696924672 
-2.5582086319695487 2.486926797423496 
-3.2905957247467965 3.167815295147823 
-3.779931828191949 2.2957200148801706 
-4.663667267983739 2.763706844241864 
-4.343484225767088 3.7110625427399992 
-5.341807975850422 3.6531860361112365 
-6.339566832227135 3.5862736716198103 
-5.43857387080439 4.020107376473033 
-6.345012268966148 3.5977693242708346 
-7.342634997169545 3.5288571180080055 
-7.252157558688269 2.5329586125739088 
-6.265301939163994 2.3713541998453036 
-5.480353555620912 1.751793036461814 
-4.582642057601694 1.3112092574548113 
-4.92906468111656 0.373130707483074 
-5.910738392040431 0.18256123122583737 
-4.919554664368946 0.3150558273392651 
-4.198171150196393 1.0075916209846607 
-4.634948681917122 1.9071611779306188 
-4.007501572491993 1.1285019939007574 
-3.0235610922783978 1.3069988605316303 
-2.6734928848075223 0.3702746481200324 
-3.2646016308959176 1.1768665215590135 
-4.000074314326551 1.8544208971830978 
-4.975978630236281 2.072619811453452 
-5.120174829774646 3.0621689290007783 
-4.876362710423279 2.092346445008272 
-4.49917742663348 1.1662086249769286 
-3.9802819011650925 2.0210462900624613 
-4.943836932807569 2.2885564786468704 
-4.7817170711327375 3.2753275516169555 
-4.475177621458255 2.323469596986505 
-4.352282135620667 3.315889215676474 
-3.9668983217644067 4.238645584398794 
-3.54164441987622 3.333571488576318 
-2.5615734246042496 3.134923950895605 
-1.8797159171310547 3.8664089743256422 
-2.531779559847549 3.108244740239586 
-1.980794279828796 3.942759701880572 
-2.631808743574523 4.70182502712858 
-2.8864461864093283 5.668861620389947 
-3.880029526121757 5.78196399457323 
-4.701980121644494 5.212405201717025 
-4.639739401229378 6.210466368541087 
-3.745231534441549 6.657518576068002 
-4.347081783217903 5.8589096116505965 
-4.038253512810396 6.810027427379598 
-4.983717333108899 7.1357545593575145 
-5.8399795736768425 7.6522959181832775 
-4.892228382678131 7.333285448197536 
-4.224210944179733 8.077431066918791 
-3.546949418305034 8.81317343050123 
-2.8294386788189896 8.116625988669599 
-2.6668754655544102 9.103324119656525 
-2.2669060563701593 8.186795630346563 
-1.8343093416851095 9.088383164889771 
-1.8220536220467523 10.088308060737528 
-1.9579193739247698 11.079035317588081 
-1.0782941848759142 11.554702771583795 
-0.49104070995565074 10.745299685233071 
-1.1260346937210919 11.517816766326877 
-1.9770064998596393 12.043028138211854 
-1.2825081509643321 12.762522435188343 
-0.2836138254999141 12.809534418288242 
0.02612813341749365 11.858713762808984 
-0.11984379338076853 12.848002495478472 
0.05874326117701936 13.831926610410296 
0.9786356229937413 14.224097545936187 
1.7794770797535715 13.625221130358822 
2.655238402169259 14.107965479016293 
3.648663943052112 13.993485372789882 
4.174891871699287 14.843828931071888 
4.092721309730978 15.840447212434322 
3.438026317341216 15.08455405401855 
3.83725156814201 16.00140693159654 
4.705913682916306 15.506001915114222 
5.451814169134211 14.83994451168724 
4.6605299294939035 15.451392998558259 
3.7429289467464444 15.053890248302494 
4.6849552498790334 15.38942928359697 
4.893636848341549 14.411445648527788 
4.61854938120651 15.372864852322484 
5.383551587762241 14.72883719455858 
5.59330036314272 15.706592507111976 
4.738985522678991 15.186836647728521 
3.7429987519223884 15.276337220228559 
3.093331319225657 14.51611868132462 
2.6421500250328127 13.623686364691885 
1.642264054117562 13.608585200271015 
2.2110516166544163 12.786100727041651 
2.6438118813875944 11.88459168478635 
2.1456576548111546 12.751680126955907 
2.5961980325701397 13.644436178746536 
2.9643098394440894 14.574217710957193 
3.6726639486185944 13.868360461921956 
2.6975634819326397 14.090124029418588 
3.2285856117358187 13.242766078102088 
3.1578377429997526 14.240260308195328 
3.3259230575397147 13.254487856238995 
3.860470325175595 14.099626435800367 
3.997094694377337 15.090249361913138 
3.972768590160897 16.089953438454618 
3.5959999380703196 15.163646047357123 
3.476686703699424 16.156502709773182 
2.951295394558685 15.305641985400868 
2.2623966982091557 14.580784353746266 
3.1463116182744804 14.113136608016736 
4.093098787662351 14.434996912935663 
3.878582910405564 15.411717414617055 
3.87732584332776 16.411716624507925 
2.8786626424391537 16.360027058917535 
2.406893780069742 17.241749317057064 
1.6068772575259707 16.64177134774738 
0.730784600561565 17.12391412371011 
1.354853262793345 17.905283629654793 
0.6200289646462209 17.22702611893148 
0.5341272444948371 16.23072250332275 
1.4212429426987576 15.769175389801095 
0.6046940677419824 15.191899082642362 
0.39155601957239194 14.214876988510168 
0.2580935633382341 13.223823118745287 
-0.7419022338816564 13.220923887372045 
0.24848394485928427 13.359253988792226 
-0.6858923790295172 13.715541632917095 
-0.5981878346774273 12.719395101075524 
-1.522711267275756 12.3382698951699 
-2.2305402812026363 13.04465370517923 
-1.2781340072228446 12.739822129905392 
-2.1192079553751824 12.198901975225018 
-2.5148373360498164 13.117312228405483 
-2.560334063552693 12.118347740655029 
-1.6769479502712106 11.649701845696548 
-0.7086574839274151 11.899528931473322 
-1.6914537391518847 12.084221976054756 
-1.311517318087457 11.159209372925073 
-1.9892706562533822 10.423920033545706 
-1.5851687142496755 11.338633989090734 
-2.2378064466077174 10.580963882578308 
-1.244593783493689 10.464651347441551 
-0.32379068586333004 10.074623585103618 
-0.8790154083008707 9.24292321381949 
0.10505418776094688 9.420706874786214 
-0.4623102850686964 10.244173665234221 
0.10132927441037198 9.418152813808398 
0.052109612892233904 10.416940791769706 
0.40123285806840886 11.354017608086094 
0.5255133721978397 12.346264731441826 
-0.41222765522591087 11.998929496422042 
0.4477902892335057 11.488665706595839 
-0.27748394827125455 10.800205627570273 
-1.1624945884614535 11.265776424281293 
-1.0281028438172386 10.274848142834305 
-0.15231565461820196 9.792150722875537 
0.6436076830143361 10.397548146566686 
-0.3155557554034868 10.114695714364842 
-0.7401235006123338 11.020091887168922 
-0.7953280883628027 12.018566951199718 
-1.6233883207273525 12.579206096797282 
-1.0436373158328922 13.393999796038914 
-1.772242147312797 12.709065492952742 
-1.1100497200612018 11.95973166261366 
-1.446358869024627 12.901483305205005 
-2.361790163883048 12.499009027276795 
-3.3614516671635752 12.525025922920138 
-3.176889270522232 13.507846721309145 
-3.605245174914842 12.604236617795472 
-3.3108021481316863 11.648567583046113 
-2.310809356642597 11.652364551555197 
-2.677781611453939 10.72213266422888 
-2.6556081914049674 11.721886803726854 
-1.7465987696944825 11.305111239134146 
-1.3471224839292566 10.388367710598917 
-0.5777056186242556 11.027114677232987 
0.24431446940453194 10.457656184560216 
0.5177711435588943 9.495771863365388 
0.811939291798747 10.451525545315468 
-0.10332823523197388 10.048678981518446 
-0.6550298634696917 10.882720535279319 
0.33783270146974265 10.763456428600538 
1.263859273322315 11.140914755072444 
0.38543055483837685 11.61878815519288 
-0.12349274637462326 12.47960002400189 
-0.1503203389249582 11.479959948635784 
-0.5107369302753219 10.547168503199353 
-1.5091160392434562 10.604082076062022 
-0.644701813134531 10.10130176051605 
-0.7975291702102164 9.113048858203458 
-0.4741525121858783 8.166778528411273 
-1.473123874627361 8.121432999174004 
-1.3603405934265649 9.115052610233278 
-0.39483201910811383 9.375423870009682 
0.6048448109365028 9.350002708117534 
0.00816335068499352 8.547524524618364 
0.6604830832397312 9.305468431856701 
1.2437604723610707 10.117741469289184 
2.243038741398455 10.079755405665148 
1.2603364585267007 9.894563010468577 
1.1393104005158299 8.901913679998673 
0.4673572228734084 9.642507311524257 
1.3436812931816857 10.12422935149994 
2.315138053486561 10.36144605170875 
1.458754550446285 10.877786342331577 
0.5902550835711757 10.382096241524984 
-0.39365510258607317 10.560760019543943 
-0.7078305349166047 9.611395075110075 
-0.6725910597210758 10.61077397191946 
-0.20079737768902473 9.729064994084574 
-1.2007934271500653 9.726254111249597 
-1.1977336817681508 10.72624943021774 
-1.046277918217159 11.714713466835757 
-1.2150246783658936 10.729054027201911 
-0.2772034420634567 11.07617263623947 
-1.1048079192671914 10.51486093200346 
-0.6450144302777647 11.402886802957077 
-1.1500379890329904 12.265992361450479 
-0.43389961265267296 11.568034034703558 
-0.09917937599068921 10.625716485695293 
0.8048593884710129 11.053166965108474 
0.058211548793190904 11.718386480384778 
0.517544817911112 10.830122472399852 
0.09659710902335489 11.73720737822849 
0.8023454779872246 11.028744789445682 
1.7653105759481265 10.75911871483651 
1.1738588449549578 9.952778309111245 
1.1833939504423787 8.952823769262887 
1.6762585063206588 8.082717724255208 
1.3805672053040021 9.038001270906712 
1.0173967377876958 9.969723982620872 
1.026520814006713 10.969682357371116 
0.049137545952985695 10.758206714970825 
1.0374929833917932 10.910369553026454 
0.6665421396415012 9.981717049922658 
-0.31526641073425765 9.791843485651453 
0.46695320596731327 10.414846271557943 
1.3198825362939326 9.892819876182589 
2.0311702879809945 10.595720818207825 
2.703063023394932 11.336369285497117 
1.8836998135882026 10.763094542973766 
1.472001745301372 11.674414849215701 
0.4858003019986934 11.839964579592145 
0.7552895517990477 10.876961181756997 
1.699727947434523 11.205649661703418 
2.5460808015169105 10.673027050104364 
2.4418356354777218 11.66757868041697 
2.447931666705854 10.667597261387963 
3.407549160711558 10.386289129265528 
2.46352471351463 10.716164625619129 
1.7573966503577472 11.424248772046875 
2.5641222035634486 10.833322480700014 
1.595572196763618 11.082141459735071 
2.0572199657641366 10.195078137656628 
1.3031649118707058 9.538266919955701 
1.6777706026768426 10.465451139199999 
1.2211892175607704 9.575769488964653 
1.7744717252824782 8.742775811528157 
2.547553676978995 8.10846965834887 
2.5402414400348556 7.108496393110808 
1.586104623021734 7.407867290861523 
1.049364341842404 6.564119774978049 
1.7339297991640716 5.835168381096415 
1.4253615430309823 4.883966177930872 
0.722334317651634 5.595129113111984 
1.1419741737788052 4.6874384217696266 
1.2573168335680864 5.680764184464189 
1.5621526160079124 4.728359257059727 
0.7766473845312288 5.347214273459175 
0.37813904034670526 4.430049566541541 
1.2057502130864013 4.991351398675042 
1.231252307534091 3.9916766299733504 
0.5796791076838365 3.233090863407104 
1.0736014240871963 4.10259689867008 
0.7763000198370162 3.1478132189651578 
1.6970879147594462 3.537876870904582 
1.1881743810069638 4.398694514289963 
0.8980068949940929 5.355670391760744 
-0.016803066909340858 4.951785836965394 
0.8975293616867391 5.35675029221745 
0.9790607504061575 4.360079517762072 
1.7698661017281982 3.7480117957570447 
2.463904227354246 3.02807354828197 
3.0225142792550876 3.8575039612252975 
2.0231458961563153 3.893040349091058 
3.0231216379994366 3.9000056721488296 
3.4109746313861353 4.821726918253625 
4.3033565601023165 4.370445971059099 
4.986465615712155 5.100762353282471 
4.02801330603693 4.815509535455502 
5.013042202132111 4.987898844455535 
5.964290801270726 5.2963240422536755 
5.147860111398681 4.718880600317536 
5.19930360133297 3.7202046932569015 
5.129347043519161 4.7177547321115165 
5.002385014797734 5.709662310095947 
4.163795649140474 6.254426365267133 
4.181217217936484 5.254578132313408 
5.166854271168043 5.423455600606278 
5.420073532863922 6.390864513892792 
4.833294045593396 5.58111774278559 
4.93691919471588 4.586501320002745 
5.808726480049744 5.076350334739735 
6.251438375673095 4.179686419176284 
7.130555223116632 3.703080115671037 
7.3886736823644235 4.669193391118355 
8.282697396142648 5.117213032654517 
7.335108499688013 4.79772080533766 
6.455797942094622 4.321471980347193 
6.501506727802056 5.320426787587817 
5.537533120519607 5.054428884470398 
4.797704116128622 5.727223834110957 
4.380891711778924 4.818231304119525 
3.5169996581834404 4.314554304709607 
4.482767688328096 4.055147072831789 
3.483540610459018 4.094456700828297 
2.607053743929702 3.6130309300166163 
1.7654444063525787 4.153117703510465 
2.434935272543547 4.895937991390964 
2.341402067093419 5.89155415210664 
1.7279873636586172 6.681315129624519 
2.1445709428305126 5.772217708242007 
2.1604393224673406 4.7723436189049036 
1.367041871717964 4.163639680077175 
1.946130850263266 3.3483753334218345 
1.9857605444473023 2.34916089830849 
2.8222829394252518 1.8012281627465825 
2.7323885588321626 0.8052768585465303 
2.140576705610906 -0.0007992733335928648 
1.165902276530648 -0.22442788799878538 
0.7811733769285342 -1.147457504972665 
1.7383608822399879 -0.8579888889265804 
2.168441924695939 0.0448013950929157 
2.3290545714922746 1.0318189114972982 
3.3066390672499364 0.821275439372803 
3.078934699119737 -0.1524548727436611 
3.998746101382026 -0.544815656039191 
4.367597977406811 -1.4743038450728099 
3.6022730685654967 -2.1179479889186412 
4.180989164893075 -2.9334770686278624 
3.2767788893523706 -3.3605646212521507 
4.276314411781749 -3.3910398472862395 
5.270952291697413 -3.287620855621877 
6.270312434079873 -3.2518534707956133 
6.709637514850106 -2.3535253161626706 
7.455707854865048 -1.6876581764493572 
8.12737485930188 -2.4285113570127215 
7.128214925745098 -2.3875305422964863 
8.109614620164828 -2.5795061652095517 
9.061093217501469 -2.8872210962907374 
8.561368717643724 -2.0210366908423794 
7.635262029931431 -2.3982984076578626 
7.323225204575279 -3.348368415405531 
6.4369822180489615 -3.8115890635127947 
6.104884033674698 -2.8683442406087316 
5.218033067058472 -3.330399824940169 
5.731445362142378 -4.188541896660625 
6.601047429118284 -3.6947886737736932 
6.059552070875868 -4.535492412912468 
6.667688679777972 -3.741660021967724 
6.941874953686841 -2.7799834197775852 
7.411453258019443 -3.6628742488726203 
7.79508734339735 -2.7393890629945488 
8.795084822191283 -2.7371435328169276 
8.015699207164573 -3.363688074800527 
8.107972082919153 -2.3679543170118396 
8.278307109016776 -1.3825681090282278 
8.65009542530755 -2.310885645149178 
9.647883896260616 -2.377354940565505 
9.168187645943664 -3.254789557748949 
8.472298671501282 -2.5366401754826073 
8.760306563962525 -1.579012140241349 
8.294575617045645 -0.6940857675504307 
7.350003717510949 -1.0223903922656756 
7.00018793220234 -1.959208899954823 
6.9544825914319075 -0.960253935091512 
7.18835451650143 0.012013478053799376 
6.2796161561833275 -0.40535277895120264 
5.289845080936589 -0.5480174858864306 
5.634121117554777 -1.486885959428104 
6.445616928339432 -0.902527722488678 
6.013257414895843 -0.0008264132211229791 
5.016018489870945 -0.07508627058150527 
4.973459747707547 -1.0741802368656928 
5.954898632614183 -0.8824050685220901 
5.108253413617569 -1.4145628206503247 
6.092466658073802 -1.237576127825873 
6.019965662631571 -0.24020778781307428 
5.041098892417926 -0.4447068004549642 
5.006704888816346 -1.4441151516889603 
5.878914947605064 -0.9549836628766148 
4.9627185740718405 -0.5542540718497352 
4.397459675584031 0.2706594858521302 
5.105409051773936 -0.43560369508846275 
6.101707639367631 -0.5215637111355129 
5.797260383761456 0.43096548450831007 
5.633619201029411 1.4174854099604306 
5.994881384297531 0.4850211291751816 
5.056115338707192 0.8295763666142295 
4.8115760022679375 1.7992157392336838 
5.5417011680355515 2.482529168278375 
6.288472320036975 3.1476102509581234 
5.3999261007454535 3.6063973651873074 
5.734549687722098 4.548749239509677 
5.506077452229753 3.5751988106108294 
5.18157302082038 2.629314634828361 
4.944095847441628 1.6579215155794969 
4.540070424137566 2.572669271698075 
4.008271627942962 3.4195400058517413 
3.1389854662590064 2.925230822136958 
3.8541954643958727 2.2263212009661917 
4.421596380148805 3.0497628812342805 
5.421459250761391 3.066323073574934 
4.5240108248355355 3.5074424710210277 
5.216759839201186 2.786263711561613 
4.225277985299343 2.9165086092864927 
3.4115031795985917 2.335328288209888 
2.5685556927502455 1.7973324383968463 
1.8223529658276427 2.4630512156093203 
2.7841497134661743 2.7368157425881496 
1.9736672788334633 3.322578683675953 
2.8463160694345415 2.8342303569024545 
1.8813392219628082 3.0965654171660706 
2.2635167236582863 2.1724764835683334 
3.1522602579934276 2.630881250316544 
