0 0 
0.24716084548882225 -0.9689744663597956 
0.7073901499277171 -0.08117438338182514 
1.6657193088946056 -0.3668406625850521 
1.9214255149274015 0.5999138751318976 
2.0075840052461476 1.5961953185734559 
2.6641359993016334 0.84191454916344 
1.6810971597953583 1.0253120410278491 
1.3858411208783465 1.980730206797705 
1.133943873830712 1.0129762210503857 
1.3876052074655068 1.980269314077839 
2.0331754197592184 1.216568390286953 
2.6190332369797997 2.026982246289882 
3.606591763198835 1.8697303550704545 
4.570018122196792 1.6017571273257063 
5.554138842098611 1.7792575742545136 
4.735212846351985 1.2053584424461479 
5.444157257040078 1.9106228060390578 
6.442935549485628 1.8612069933921753 
6.098712338182762 2.8000948358953908 
7.082051248822932 2.9818765369024054 
6.0834203977355 3.0341873699715736 
5.152203815864529 3.398653661483621 
4.973944336101718 4.382637176525765 
5.834824718305345 4.891444573815679 
6.807452189948727 4.65907460715776 
6.254069983785843 5.492002055320144 
5.458195909841489 6.097464241111476 
4.552413958707055 6.521208334874561 
3.9241428380559515 5.74321386255756 
4.735326833277568 6.328004873001715 
5.3809731801110825 7.091641432380938 
5.724540417401525 8.03076951388027 
6.470118767717327 7.364351534275602 
7.405866790609996 7.011682230745422 
6.711586955078996 6.291977075855555 
6.089787191978129 5.508800815612878 
6.13989710143493 6.5075445249668995 
6.537283126950995 5.589892986132825 
5.582393196934139 5.292933019887536 
5.350906529049059 4.320094943642849 
5.47127856688906 5.3128237950953725 
4.995387792670399 6.19232818451794 
5.981081921169152 6.360872199668534 
6.8153389361635 6.912247963492733 
5.930170749574304 6.446976772196308 
5.897858443563969 7.4464545933010555 
5.099280374964072 8.048345836260495 
5.722147585154669 7.26601825879094 
6.504939654647569 7.888301615421199 
5.793921160218623 8.591474923063059 
5.001096820549655 9.20092513959306 
5.08357811413344 8.204332526631903 
5.945037724531328 8.71215861857 
6.0199058465398645 9.709352062344534 
5.756731954500664 8.744603648223558 
6.3561608887158005 7.944175667187347 
5.996796724898425 8.87737307275802 
6.857736046689482 8.368665411921313 
6.294774104508131 9.195148231860967 
6.664359779389908 10.124344889690827 
6.354895785153561 11.075256050773335 
5.409946722406839 10.748038586670193 
6.080145178652493 11.490220524772935 
6.623266575549255 12.329874708489607 
5.6387649783197915 12.154499097150298 
6.274525380677322 12.926385559522965 
6.584958701261151 13.87698071702762 
5.782479279768754 14.473660512295758 
4.7825904719228465 14.45874837145386 
4.352380325732239 13.55601960260097 
4.246912894621827 14.55044236027246 
4.024564286648833 15.525409588712714 
3.6884123091356886 14.58360183337514 
3.592324183327748 15.578974664066592 
4.5689823418128155 15.793774201925867 
5.0141372002175855 14.898320600649603 
6.000848153966925 14.735835235920751 
6.951882805512959 14.426750956866131 
7.497308647125504 13.588591872144592 
8.469532084872366 13.354537205248862 
8.757594102933696 12.39692545002108 
8.240657537825491 13.252949157434683 
8.629106582798256 14.174419362845443 
9.050195302952767 15.08143881674852 
10.049547395679758 15.117430409686088 
9.143835373740295 14.693536869614611 
8.518966220494411 13.912807376562267 
7.569153763486098 13.599987465891875 
6.587454184820711 13.790423642203525 
7.516569312806 14.160214230170387 
8.121633965209451 14.956390571449058 
7.2000915104815215 15.344668183646853 
8.178372526047829 15.137385153510385 
7.183621597616302 15.239711056314192 
6.240028394740278 14.90860402303618 
6.503179727783253 13.943849455325974 
5.531487518502809 13.707599057604211 
4.681241289429774 14.233984230217466 
5.404261303545696 13.543157146796577 
4.656678206261847 12.878988860399607 
3.6649406534570965 12.750705477388225 
4.503307062857283 12.205598365354783 
4.156362807106617 13.143484117139943 
3.1642070757737173 13.018476098264035 
2.610272216091125 13.851036108850916 
2.3313054355885447 12.890735356286374 
3.300803869442299 12.645637851698675 
3.152614105470946 11.656678907225187 
4.012273922880309 12.167545815853748 
3.2916606586405814 12.860883052270317 
3.176908722633278 13.854277230420449 
2.599176538008347 14.670503622329278 
1.6425888238383703 14.379059039090786 
2.33448975425486 13.65706658588314 
2.515544213284005 14.640539657637351 
3.2670168177669954 13.980775362823248 
3.3175729897369015 12.982054143725671 
4.315107424851711 12.911875437837226 
5.111359316200691 13.516840664543004 
5.970970721320038 13.00589229906099 
6.659476683383805 13.731122979743107 
7.30794324089614 12.969879836070797 
7.5961086273832485 12.012299181488252 
8.272020853637931 12.74928131315729 
9.268405333295702 12.664322683830347 
9.580478788993393 11.714264707573687 
8.694566608274682 12.178117710209454 
8.932196088059383 11.20676183807131 
7.940115374677905 11.332363821083113 
6.999833202897222 10.991967820179163 
6.805437915440415 11.972891095575656 
6.718868220484473 12.969136892512957 
7.421559686145027 12.257642195352238 
8.177863796566102 11.603421978177481 
8.716693566369125 10.761007306430828 
8.932696688235481 9.784614633709454 
8.394726195618823 10.627578303788889 
8.56133697862205 11.61360104540647 
8.81296978876643 10.645778267797448 
7.872866247154398 10.304889237395304 
7.341502414146182 9.457745520561604 
8.223343614278752 9.929292016411958 
7.390962155670809 9.375088888158686 
6.472834906464204 9.771374585937842 
7.471396099855089 9.717750495700603 
7.030643621984435 8.82012181230703 
6.044104643572318 8.656595532848417 
6.877306072843811 8.103625933087326 
5.969698864952803 8.523446318709903 
5.299127960607532 7.781600875072506 
4.453519012520676 7.24779800236064 
5.44308129822568 7.391903806235046 
6.331498008766385 6.932865955473223 
7.084710382833622 7.5906433642917355 
7.939525855380717 7.0717112802054976 
8.597927372604435 6.31904439364976 
9.30291106797598 7.028267905146862 
8.680108539111156 6.245888834593731 
9.632766328118583 6.549933464612882 
10.555830995224346 6.165288666986648 
9.680741607803604 5.681327342061204 
10.368266410869474 4.955166447238826 
10.202355897256377 3.9690256350458415 
9.68805332452554 4.826634440785639 
9.22680337995145 3.939364195240125 
9.0444661026004 2.9561281517143567 
9.994628362320732 2.6443723495179077 
10.24117460655559 3.613503377528922 
9.255400741249929 3.445426352090186 
9.950646120869244 4.164198821038458 
10.942441997643888 4.292030502607679 
11.93611381492099 4.404352893737955 
11.58694902614551 5.341414231260411 
11.113334403194433 6.222146420366106 
10.367438554649537 6.888209017366935 
11.169056008575751 6.2903717003978015 
10.783536552753235 5.36767199346043 
11.72528813446234 5.703981312909649 
10.739149040656383 5.538060585851328 
9.773616058475012 5.277779852181031 
9.194577359133612 4.462479794125704 
9.973138151400454 5.090048987717 
9.210675328897656 5.737081014977682 
8.589178251387267 6.5204974959417 
9.586940914304613 6.453641916607683 
10.253781907234812 5.7084418829604315 
11.167327456930982 5.301705446640396 
10.282361709612237 5.767361570912993 
10.867796190114223 6.578081293776184 
9.883240435847325 6.753152612786294 
10.698635196945983 7.332057944920024 
9.86777515451226 6.775576507774962 
9.840892374351993 7.775215100532792 
10.802267752757972 8.050455689463208 
11.5590527304997 8.704119591988391 
10.704404661899602 9.223327333492815 
9.81800267766775 8.760411010222795 
9.64836412580858 9.745917358108553 
10.37427487211485 9.058128445434704 
10.533610675503521 8.070904001977956 
9.885397166366216 7.309445371078088 
9.636988818009685 8.278100775474709 
10.235178459906033 7.476746202062964 
9.41683180341659 6.9020212680183795 
10.416734787752668 6.9159504430048315 
9.449651824466066 6.6614891647701935 
8.456621503054043 6.779348321208431 
8.513725406214485 5.7809800804055484 
8.791087324451684 6.741745590981246 
9.765671653809537 6.517724643366736 
8.854559240774144 6.1055666993539806 
9.620443182747827 6.748545538373469 
9.692958943570865 5.751178271799989 
9.727034150525975 6.750597543312685 
9.794151353015094 7.748342641586805 
9.006289791233224 8.364195026064312 
9.186036511413914 9.347907949931985 
9.737327863784332 10.182220747869062 
10.06323835631995 11.127621377684376 
10.196848945538969 10.1365874678465 
9.204444362991788 10.013570621279225 
9.914268154147644 10.717949912222059 
10.793911180361441 11.193584379469158 
11.782749403683994 11.342577560844335 
11.086862564469662 12.060729012147114 
10.712266870675974 11.13354075392162 
11.657047121277751 10.805836194794281 
11.174215001553447 9.930123260001986 
11.523862758483252 8.99324202629413 
11.90975238784672 9.915786981269077 
12.909669985303823 9.928624360114132 
13.522128316182215 10.719127233567262 
14.508664772694141 10.882668726690243 
14.207046737949492 9.929239882404119 
14.970871995623014 10.574662980642769 
15.850694700091923 10.099360962236561 
16.51057413020005 9.347989457772778 
17.47195113906976 9.623224351666583 
17.950622944000344 10.501218260053477 
18.084665070339714 11.49219389465123 
17.10308036511452 11.301166497485353 
17.724861095837912 12.084357868033498 
17.183460538017865 12.925122660345915 
16.206878348572832 12.709977994460962 
16.776891503691903 13.531613560263223 
17.129935782708674 14.467220174740445 
17.694347624684635 15.292713525796227 
18.45503530899346 14.643595472634184 
17.467414398373585 14.48673586372747 
18.29368160870682 15.05001421155218 
19.238330915406014 14.721932381283061 
18.552663983946022 13.994016960988752 
18.60071202079559 14.992861987083842 
19.107998310331777 14.131084393705708 
18.13694413540269 14.36994374427166 
18.15680344364038 13.370140959780478 
17.157617407054484 13.410480323828066 
18.105265287679213 13.091163092305152 
19.02817977861668 12.706158102184716 
19.64303803446138 13.494795740913437 
18.735867985634535 13.915559929636169 
19.60257398631742 13.416740615274469 
19.770839242538948 14.40248236824464 
19.819449333698874 13.403664537487987 
19.763635710584506 12.405223332671776 
19.60997475936004 11.417099700696104 
20.244293405503683 10.64402799952312 
20.966281299958446 11.335933686926234 
20.049288715150055 10.937029438507611 
19.184811772311484 10.434356965320076 
18.287975549912815 10.876719701311348 
19.226914601587467 11.220803204607142 
20.007000798862826 11.846475263133389 
19.942333551581143 12.844382146128495 
20.628304434769966 12.116753155902607 
19.62889496493389 12.082391671621837 
18.97258118141869 11.3279036216383 
18.008470359763418 11.062403483093712 
18.114146052158425 12.056804130738733 
18.77025885257375 11.30214129666569 
19.770253694262898 11.305353242352504 
19.673259936600925 12.300638232179343 
20.574703473326895 11.867741535385557 
20.397180635715312 10.883624854231167 
20.299262608586538 9.88843037074404 
19.497838858845245 10.48652733056795 
19.406241112431122 9.490731240571684 
19.014322626552627 10.410731186455763 
19.30868644728431 9.455037751799939 
19.095506141868462 8.478024877072688 
19.175585219673895 7.4812363632454915 
18.885095952067882 8.438114613288684 
19.883300404758028 8.378215776659221 
18.987826406891255 7.933101949481837 
19.987250943702215 7.967022374305183 
20.95586473149233 7.718451800618579 
21.454831020237222 8.585073195863439 
21.68237584452844 9.558840803118002 
21.346607707639052 10.50078547147694 
21.809918825353083 11.386981165555044 
21.087989883940647 10.695013967234836 
21.484757900504604 9.777095048684888 
22.107180674734856 8.994413829976072 
22.665812363407333 9.823829670439068 
21.713588572652114 10.12923080390088 
22.38561733597245 9.388705759577505 
22.652697919333047 8.425031560487499 
22.4871998573708 9.411241675770617 
22.975474020211898 10.283931965565241 
22.019296673958614 9.991143846762537 
22.542022370471894 10.843644782952465 
22.850196596264695 9.892314847253495 
22.614241947651458 8.920550779283392 
22.562620597439 9.919217508579129 
21.564532708905464 9.981028241972819 
22.430537541427277 10.481063870752273 
23.172404337227995 11.151611152670839 
23.695441985890472 10.299301573889966 
24.441161202124224 9.633041226473344 
25.427604979425066 9.468941640171465 
24.53396140794036 9.02016422636362 
24.56511565758299 10.019678814916086 
25.242461911072464 10.7553431764858 
24.336592600588137 11.178900483497085 
23.42632880153959 10.764871721040047 
23.042063365846293 11.688094378328874 
23.246258224537186 12.66702464126092 
22.76910473175287 13.545844613908177 
22.788587034959296 14.545654815827408 
23.06489442645992 15.506724129353817 
23.914422024896353 14.9791799515878 
24.87948989308439 14.717179932902688 
25.48737835038807 15.511202365505794 
26.357700293481162 16.003685578793988 
25.580809353356766 16.633320764558434 
24.580811082673115 16.631461025407503 
23.841654409498393 17.30499455278478 
22.84516557178145 17.388720273477652 
23.739093838085136 16.94051021702723 
24.323046817366702 16.128722733760714 
24.213387315335662 17.12269194536352 
23.561195779940128 17.88074616582431 
24.153588945794315 17.075097149782426 
23.40802212084045 17.741528023563205 
22.527771633585523 18.216037327673742 
23.461197561926515 17.85726715569625 
22.488546809528454 18.08953965484216 
21.53752392282445 18.398660131299454 
20.602806819024206 18.04326748103319 
21.58413725064328 17.850938117756755 
21.32786968482216 16.884332233899162 
22.11223247305587 17.504634592780896 
22.61239178894623 18.370567995952342 
21.62237427657155 18.229623591340292 
22.092108693271904 17.346815810582115 
21.09819403734131 17.45696868946584 
22.09616115632259 17.393237775207485 
21.397838005244278 16.677455142931414 
20.515845269080028 17.148718141005205 
20.096195446049325 16.24103205758743 
20.541518724974196 17.136401912590152 
21.18794059005268 17.8993821039113 
20.755664529597503 16.997640784265055 
19.89042019633594 17.49899120438929 
19.432907225307204 18.38819415160689 
19.0398849678699 17.4686651933033 
18.494485770466333 18.306841615944467 
19.293938881969094 17.70611312277259 
18.297054375411786 17.78498821761244 
19.05359739516657 17.131044290918176 
19.973080532229407 17.52417373608488 
20.850717174550365 18.003500267851685 
21.273334103593825 18.90980867633407 
21.37549903770384 17.91504120288196 
20.954695054382874 18.82219279309233 
21.265255025012415 19.77274658149285 
22.253722149069603 19.62131096924094 
22.553507406591127 18.667304260997884 
22.841240387814544 19.62501493313028 
23.82306769970941 19.43523840766598 
24.517300009306656 18.71548740883981 
23.673355430697118 19.25191778478395 
23.389689184423908 18.292994711370202 
24.316312768681442 17.91700437492827 
25.168832585034526 17.39430947087304 
24.367044491584124 16.79670102615261 
23.977936968029553 17.71789337040718 
23.287277236413356 16.994713492974295 
24.15278574670487 16.49381927398892 
23.15315029932002 16.520818761608083 
22.295353224070393 16.006830262035198 
23.091585382359717 16.61182146040582 
23.840847379356372 17.274095165045065 
23.35749306141889 18.149519978110806 
22.793797998888557 18.975502954012203 
23.086389367316052 18.01926538357182 
22.087632862002945 17.96941116514701 
22.690021139371666 18.767614374416898 
22.525840244348924 19.75404462218383 
22.94836714153249 20.660395007606834 
23.944050018718187 20.567574707676183 
22.9942557778699 20.254699492851763 
22.40221811475278 19.44878919669541 
23.073211549608093 20.19025248667076 
22.90315660783378 21.175687069369246 
23.750458483771126 20.644575469954344 
24.610034241955024 20.133567137397446 
24.221129233433597 21.054844996865995 
24.680126184003115 21.943282839018096 
24.76136861249925 20.946588468705887 
25.043826046023085 19.987308635577342 
24.240657249922545 19.391557106019583 
23.423835241074308 18.814667336773212 
22.586553657679634 18.267895400671783 
21.718795572785904 17.77090857378241 
22.579251868251752 18.280432825995383 
23.540435388356588 18.004522984418692 
22.544176341626663 17.918105903880278 
23.301950190213347 18.570623179052458 
24.298015717238467 18.659242961675595 
24.165530189134042 19.650427901453682 
25.056087926728846 19.19555768258898 
24.391992090148943 18.44791022567012 
23.392116269040905 18.463669107722048 
22.608985448864765 17.84181211572932 
23.602360300650968 17.956731234411702 
22.839866278014807 18.603726493624723 
22.87577836873081 19.603081446452 
23.68299811538709 19.01283041459507 
24.5146797587374 18.457577639623054 
24.726856145839342 17.480346254148575 
23.749473591383662 17.268867313717873 
24.504099556428333 16.61271210884604 
25.480876361735138 16.39845275055653 
26.034024629012873 15.565369924897736 
25.478979839382365 16.39719038719956 
25.26224265985535 17.373420378037107 
25.0803309587238 16.390105508327803 
25.31274966223114 17.362721334982893 
24.383092642242776 17.731147481159237 
25.351211597147266 17.981638377510055 
26.329382167441203 17.773834779343815 
27.293577016613245 17.508639958824816 
27.766181014572933 16.627365052162588 
26.773623688526282 16.505586751504687 
26.36850210021802 15.591323934429317 
25.453572916862264 15.187709527545756 
26.028689131861938 14.369637807435321 
26.85454031843478 13.80574968232873 
26.3262157408246 12.956707197706772 
27.27751623995649 12.648442116402682 
26.436790880419338 13.189903906219032 
25.436959382125607 13.171547026862404 
25.982322700123532 14.009746795045558 
25.036840862794968 14.335421625638594 
24.783306913662507 15.30274811480205 
24.165768182437393 14.51620764194838 
25.15724798639944 14.385947140124614 
26.014368303529608 14.901063400751939 
26.781914533356172 15.542056992825236 
26.922499142835857 14.551988324713047 
25.94050476146319 14.363078200705601 
26.637874532892084 13.646366681405675 
26.772200290554004 12.655429452905025 
26.908860925650416 11.664811529175072 
26.306773125227064 12.463241413749397 
25.777928688464915 11.614522637177485 
26.75572527361064 11.404966348611966 
27.30403795987507 10.56869294948852 
28.161760427075965 10.054579956792544 
29.154498561986717 9.93428450594789 
29.580678237591975 9.029645968132373 
28.803777465490093 8.400022913990055 
29.288230329082896 9.27484027947655 
29.825819914797883 10.118046919233846 
30.50969047348806 9.388443561952107 
31.50208836034456 9.265372711777271 
30.658171245828385 8.728899130110204 
31.643695484931307 8.55936454915221 
32.54238061558457 8.99795893573591 
31.5697226240321 9.230201118530323 
30.68530470842256 9.696896897972216 
31.2885154281941 8.899315035369574 
32.07935967050937 8.28729756470653 
33.07859387522039 8.32642561264571 
32.221635309472255 8.841810921507829 
32.54487509477258 7.895493828140601 
31.94243337345315 7.097330954778476 
32.34318070737514 6.181142341907516 
31.414283883318006 6.551480957577788 
32.18289333291052 7.191199265895675 
31.45806493016122 6.502269816265379 
32.3036371542113 5.968408772626675 
31.78706714931129 6.824653731757882 
32.69746234091985 6.410913964396786 
33.02784896221904 5.467068277609743 
32.91232899193246 4.473763119833448 
33.81548070553697 4.903084656928014 
32.86653780614704 5.218532550719421 
32.51996498989391 6.156555622415618 
33.01840965302478 5.289634104747295 
33.43411721283806 6.199132441586946 
33.78271149505497 5.261858721478633 
33.976203898466395 6.24296049490587 
32.98015895572517 6.331811336430523 
32.19098558653478 6.9459818285259 
31.258216378406996 6.585507690245957 
31.99744777715954 7.25895920230778 
31.010150790855292 7.100073517507207 
30.270340534199008 7.772889082239594 
29.540260288653535 7.0895276587861895 
30.513848781333255 6.861217678886864 
31.014737372464673 5.995705911621748 
31.760223968334664 5.329185292752254 
31.475032047737432 4.370714861061186 
30.49392773210677 4.177235348319165 
30.840854827978685 5.115127447736725 
31.40052542078969 4.2864122810222645 
32.30210531856074 4.71902491136856 
33.26257831572955 4.440651741487599 
33.97179517192164 3.7356613508488317 
34.62029527260705 4.496875919423956 
34.26614600465976 3.5616870101588822 
34.572101983646036 2.609641350055046 
35.03748099682636 3.49475285381675 
34.73991995692936 4.449455649211954 
34.82120578810248 3.452764817684697 
33.93743409539697 2.9848464538941255 
33.90425827685943 1.9853969228699904 
34.12200731385182 2.9614017163463786 
34.60523071014557 2.0859046293870165 
35.42123414802958 2.6639516770928897 
36.22016212045145 3.265378393228685 
35.912369183869515 2.313925026956711 
35.1293276405206 2.93589443246614 
34.89044823224351 3.906943673391226 
33.89144576352302 3.951598656208063 
32.90360631223727 3.7961212672299243 
32.38288179709045 2.9423964993303966 
31.65169997112584 3.6245791269156085 
32.65145492685728 3.646715714060805 
33.2772502356818 4.426703041812494 
33.6782778026837 3.5106370559225404 
33.02152280774712 2.7565330335053106 
32.34130465795918 3.489542766523275 
31.93145370750656 4.401695274831555 
31.638592765193106 3.4455402306743452 
31.97087587746018 4.388719923682049 
31.10640000905946 3.8860456027218273 
30.248037977736253 4.399090067834454 
31.16430849768677 4.79965009363535 
30.97689975354111 5.781932111498727 
30.666412629556977 4.83135452611179 
29.868366716310376 5.433951174252484 
29.158931503698263 6.138721831350241 
29.871447220988212 5.4370656815056115 
29.07654691445548 4.830325619638777 
30.02824917298946 4.523303126812406 
29.314359151271102 5.223560962820659 
29.516268843308254 6.202965106298448 
28.606414879580548 6.6178937323162055 
28.428080689786498 7.601863709881831 
28.260808320052295 6.615952986579004 
29.207369629487275 6.293429053388399 
28.956815377373164 5.32532649335277 
29.486695351783244 6.1733991392500265 
29.98925090335349 7.037944058606982 
29.563865448796665 6.1329317851811 
29.210370660275743 7.068368279278132 
30.064064326122654 7.589143782631412 
30.74006269452465 8.32604690103833 
31.682338491592635 7.99120914590923 
32.39364357285962 7.288325740667809 
31.575546804395504 7.86340632408945 
31.621414651339546 6.864458807641904 
30.711355979299952 7.278938256403275 
31.099049547282103 6.357149941579709 
31.311877218918617 7.33423969292591 
31.672693656129915 8.26687654542432 
32.59404733276184 7.878151189219146 
31.6077194852062 7.713356234392681 
31.4978503392588 6.719410174101284 
31.977623945196076 7.596802496295834 
32.37507536395566 8.514425714030647 
32.88417469534329 9.375133487192167 
33.841695108884736 9.663498980362593 
33.986540353533165 10.652953302250541 
34.20514239702385 9.677139207977612 
35.083112310655956 10.155855022168897 
35.156918191622324 9.158582395484109 
35.14495397441354 10.158510821675995 
35.151816064262135 11.15848727726028 
35.55628336700172 10.243934817849357 
35.6331828886152 11.240973665425328 
34.844848527932676 11.856220718053192 
34.47623707488926 12.785804278947651 
34.99021262129181 13.64360911555106 
35.90655156679148 13.243205647833108 
36.20189359047664 14.198597237206574 
35.209480970609825 14.075645246864429 
34.64916242213851 13.247368044329557 
34.44573341287489 12.268278345583818 
33.49281657478273 12.57151010460726 
32.687207005456074 11.979063295341382 
32.73642313342182 10.980275143255035 
33.73639409219053 10.972654013470192 
32.77924405753038 11.262246504999347 
33.628571200178875 11.790113348777721 
33.24504855741954 12.713644822248384 
33.50053102373066 11.74683113316057 
33.70264505211705 10.767469136997034 
32.84781062504072 10.248568277212536 
32.17634772372896 9.507530105346882 
32.34932734078485 10.492455509671085 
32.34836056316191 11.49245504234149 
33.131927701464974 12.11376216428003 
34.12088306629436 12.261975815389413 
33.13083025243582 12.40267203342953 
33.74734796439337 13.190013071889124 
33.095535085094596 12.431633239364395 
32.385533870921954 13.135833690850596 
31.385619925794263 13.148952468963518 
30.931583262591005 14.039935470185904 
31.74360411026889 13.45630704135769 
30.872415132440942 12.965359218354982 
31.75657107786298 13.432551110595057 
30.88060272576518 13.914919689715905 
31.594093648779136 13.214255217392175 
32.566898978555656 12.982630973500472 
32.562375446310476 13.982620742276147 
31.585426129416884 13.769149357258994 
32.07424953162925 14.641532118121178 
31.91856349332888 15.629338707225713 
31.861145635194518 16.627688941145284 
32.71839736843592 16.11279141167499 
33.13792845750103 17.0205323798525 
32.989853371114094 18.00950850129907 
31.991107017654407 18.05956568311126 
31.279693705812466 17.35679182209046 
32.257203707915046 17.145902761707003 
32.73363774211215 18.025112981767414 
32.9233949220344 19.006944032747143 
32.18897386468256 19.68563815421734 
32.58177521121631 20.6052615022035 
32.681419112982404 19.610238340241516 
32.3139543510456 20.540275785043995 
32.30936856071885 19.540286299835735 
32.00362883696032 20.492401430119912 
31.35050162064077 21.24964963203437 
30.37761682366422 21.018359399184174 
31.200847118145074 21.58606696673015 
32.02966427549885 21.026547423125102 
31.710154110448837 20.078964574805383 
32.087823107755405 19.15302390258418 
31.147785933380028 18.811951900226383 
32.129815491576515 18.62322472457749 
31.9929305246703 17.632637774413556 
31.06305829947976 17.264755123532613 
31.684812309330386 18.047967707212592 
31.466697731151285 17.072044538727617 
32.44732442090122 17.26793046305627 
32.56653710009197 18.26079920418984 
32.401347055780974 19.247060959131463 
31.4204007296219 19.052782022560837 
30.459759950883306 18.774988404519476 
29.923561358967277 17.930896543388673 
30.20133786873617 18.89154226925259 
29.687261123742346 18.033798076467495 
30.417636991950612 18.716843529668832 
31.1296229480109 19.419037233979054 
31.996222513449887 19.918041435545497 
32.90388321134595 20.337746162103148 
33.31733900285008 21.248270356439406 
33.73706288438124 22.155922196779315 
33.765806253641635 21.156335372774738 
34.25277734094441 22.029753462884596 
33.33798755809205 22.433683720712512 
33.535377682623405 21.453358703823984 
33.548348285975464 20.453442825637882 
32.61854023023628 20.085398019286103 
31.724689651749024 20.533762985957235 
32.150942871739524 19.629159098917317 
31.55549142849425 20.432550397561457 
31.46768979778078 21.42868837678123 
32.19351054574475 20.740804489904225 
31.224832021718523 20.49248631277986 
30.58814750490021 19.721361922007638 
29.642176149623353 19.397111717696735 
30.451915896025223 18.810322536561777 
31.43808888075813 18.976041709209326 
31.3730986147776 19.973927607159478 
32.356522859607686 20.155247089511406 
32.002378979261294 21.09043803900418 
31.50777161731075 21.95955457750999 
31.759422763104887 20.991736567334268 
32.17609341746565 20.082679052215134 
32.685786492993465 20.94303535559124 
33.09474388436885 20.03048187658881 
33.355409101185614 19.065052622452665 
32.458391092854306 18.623058626193295 
32.97120682884078 19.481557327953904 
33.75566989571479 18.861381790939888 
34.70147062178976 18.53663421734455 
35.37254362823743 19.278025490571636 
35.05143335076568 18.33098368066987 
34.17808579200284 17.843886111795836 
34.26351221953561 18.84023059312696 
35.02519163227056 18.19227652668726 
35.85561778847451 17.63514781705874 
36.58630842388007 16.95243909781559 
36.84108628034407 15.985439488790016 
37.07138416496566 16.9585596685925 
36.1750532490011 16.515173957178455 
35.602758413469296 15.695126018809225 
35.48027315314336 14.702655686253694 
34.658575036399895 15.272578667840023 
33.670703780120625 15.117303489471993 
32.69101000913548 15.317803153045054 
33.686870426144004 15.408698861610493 
32.82337861029265 15.91306171111245 
33.473063594870176 16.673265250182414 
32.79952826837773 15.93411021639944 
31.97740470644486 16.50341931426704 
31.107560218676085 16.010093289108955 
31.737316677951377 16.786885926819334 
32.55668242291566 16.213614807732448 
33.50041785568428 16.54431623339767 
32.545198178962295 16.248418668008657 
33.51302947820663 16.50001870020861 
32.54513279457129 16.24867031686848 
31.55345040711477 16.377379455660346 
30.963704779921976 17.184968518988335 
31.168300685495318 16.206121996073417 
30.168361844370338 16.195062429642697 
30.70204927293899 15.349380616791208 
31.52603368019198 15.915993091595581 
32.1703448606973 16.680756520817873 
32.107095595313396 15.682758760084715 
31.12175536351991 15.853359544400492 
31.789189119302492 15.108690368429071 
31.591549974971965 16.088965211842027 
31.5887579723842 17.088961314195206 
30.951671008380377 17.859753244807084 
31.472341462120866 18.713510984802262 
31.44322220165201 17.713935040378956 
32.01284543713219 16.8920291031811 
31.10490939309592 16.472920358414587 
30.18921687048415 16.071040769441858 
30.996707845882145 16.66092069336773 
30.07970099741521 17.059792151189335 
29.342217432438453 16.38442707111103 
29.618021535950067 15.423213204957325 
30.611545213702396 15.309587936000604 
29.978582594214174 14.535405578716087 
29.273135161289833 13.826643334109013 
28.35575323678319 13.428635288224903 
27.704157911687705 14.187202050160668 
27.27964388837382 13.281780687473738 
28.029391130940315 13.943505004892963 
28.00641358964034 12.943769023447958 
29.006288574955036 12.959580846300845 
29.953588652218983 13.279928413196123 
29.215287129256573 12.605457612351945 
28.441618590070703 13.239048167422016 
28.889675516116792 12.34504313890029 
29.520532373553305 13.120942375544669 
29.161818433412048 12.187494835964465 
30.026371244661025 12.690036810889438 
30.514598725981713 11.817320404212415 
31.473621927018584 11.533992855475983 
32.467330509460716 11.421996189539689 
33.46297051568329 11.328717156476989 
34.338863364065546 10.846211490030656 
33.41974899653466 10.452220653337339 
33.52634600757208 9.457918346572496 
32.82809643106592 8.742063941746364 
31.90884163375143 8.348400865481539 
31.67557540204154 9.320813774252226 
30.701704957061867 9.547918059537837 
29.812337361136922 9.090725234442472 
30.739111502908155 9.466344310294847 
30.687533675242587 8.46767533225793 
31.072239708468622 7.544636184659362 
31.82933608073497 8.197939393821185 
31.746894427350206 7.201343500900094 
32.295813716217666 6.3654681427818876 
31.2960783937589 6.388474338214239 
31.53735400868467 7.35893097178536 
30.90632604085121 6.5831708904380575 
31.531800330971336 7.363415667670639 
30.696339443008952 7.912965578675184 
31.64315412957626 7.591186229896469 
30.64318597028313 7.583206229901989 
29.998416793805447 8.347583564118729 
30.94668284929567 8.03010681220607 
31.137979217655676 7.048574490042264 
30.15555874780048 7.2352560917321425 
30.238831290870607 6.238729281470304 
29.240153028510832 6.187331535507426 
28.576708886773012 5.439105720132304 
27.606588134801907 5.196483118969482 
27.125397837938504 4.319866955415267 
26.13227648475204 4.4369565700063385 
26.065156160776016 5.434701458296604 
26.287815075808712 6.409597866924958 
26.873317141506877 7.2202687810838295 
26.298443696749377 6.402026443806759 
25.64661801289683 7.160395270875857 
25.552299655202024 6.164853183668212 
26.336002234200393 5.543716912250009 
27.318125250256248 5.355476689838985 
28.24381798437843 5.733752993608332 
28.75149289119994 4.872204278222038 
29.470246077327836 4.176938963805304 
29.390756516149654 5.17377466223494 
29.130555979313606 4.208220064798714 
29.503027261876134 5.136263783416659 
29.92906059546882 6.040971249213148 
29.82448723578469 5.046454073672989 
29.401874212107327 4.140143844105721 
29.795988238873637 5.059205394768158 
30.052154555386004 4.092572673262991 
31.024847560123355 4.324668167693668 
30.034642522965555 4.185047308266 
29.310974462851945 3.494899107680501 
28.92534334952059 2.5722460610639417 
29.924906333469178 2.6018068648384514 
30.92416449902222 2.6403181433887024 
29.98979267764002 2.2840186915130225 
29.19843280385206 1.6726680963891525 
30.175887912519457 1.4615247551727855 
30.832874826821627 0.7076227758440963 
30.912615285556324 -0.2891928837644293 
31.22183195825537 0.6617987299341 
31.752640584165665 1.5092904423768954 
32.44486148696117 2.2309761230807377 
33.40657869782531 2.505019926746688 
33.7351784208376 1.5605506461259544 
32.746585420480905 1.7111623310835042 
33.38792395950352 0.9439043051467677 
32.712187027609474 0.20676144323028123 
31.811917006991088 -0.22857048757169202 
32.02429948009672 0.7486161297729865 
32.997861067553906 0.5201914475955761 
32.014764946900236 0.33710125791927553 
31.354505306158796 1.088138678297237 
31.70796919568193 2.0235868483222674 
30.95393442108096 2.680421347029867 
31.92645770337227 2.913226985710141 
31.045679729957033 2.4396975129774012 
31.3321927977144 1.481621178855603 
32.02255546356749 2.2050846469009584 
32.9001385106789 1.7256599964889638 
33.82608274270395 2.1033202660163988 
32.84800427523093 1.895083594256562 
32.88744519605276 2.8943054984223613 
33.68187437851556 2.2869487053826436 
34.50347102672825 1.7168794572682837 
33.591683381445044 1.3062174430657116 
32.85897605790871 0.6256735590756916 
31.997082776248146 0.11858385199382215 
32.71084147328378 0.8189755441247296 
33.574697445807175 0.3152366646091028 
34.55745305106431 0.13032744273066954 
33.85873307261246 -0.5850678268317201 
32.9438381028486 -0.9887597815456886 
33.368791364197904 -0.08354448910493872 
33.14240201473232 0.890492400570472 
32.24125998744486 1.3240163868229626 
31.469588444251606 1.9600376360165253 
32.23654639951732 2.6017349905806753 
31.85862181938657 1.6758986056113907 
32.84313037633304 1.8512351428738087 
32.74814241526046 0.8557567215851933 
32.17983253856166 0.03294211060250274 
32.945502175694735 0.676176132380358 
32.275156504565416 1.4182251073127272 
33.26687016805021 1.2897571749032357 
33.63281576385377 2.2203934201204403 
33.23608368882902 1.302458966770661 
32.259221441094155 1.0885894996876029 
31.80753100079103 1.9807642281678313 
30.81111479783888 1.8961784699433053 
30.997532390326732 2.878649070628655 
31.09998905174817 3.8733865397783664 
30.662633119986655 4.7726750301711975 
31.267568311578568 3.976400320053104 
31.88445982849755 4.763448511940613 
31.68428583288947 3.7836881476257997 
32.27032506504509 2.9734054695594074 
32.721943069889214 2.081194072131299 
33.711639080598154 2.22437859080149 
34.058227767084404 3.1623957987458526 
33.59418916162982 4.048210775277504 
34.23250053967151 4.817989045081554 
33.46885590624664 5.463625842237188 
33.2068990211712 6.4287054194543085 
34.07039169076613 5.924344031602476 
33.171528251587766 6.362572873314714 
