0 0 
0.5164920381144756 0.8562919914166867 
0.890347984086128 1.7837787738894295 
0.26061578115064754 1.0069664718588638 
1.2159411597826386 1.3025225933343683 
1.9609228887257648 0.6354377235157592 
1.4778831144908091 1.5110361340368401 
0.5241512375774234 1.2103776783778142 
-0.29837324272838195 0.6416479716649814 
-0.009932229675591653 -0.3158496951672046 
0.5341253713022511 0.5231981740382623 
0.7971413759976509 1.487989644395494 
-0.039616688255766586 0.9404168712348175 
0.513093379942166 0.10704325723408814 
1.2750796566731384 0.7546364274217223 
1.0382453122485962 1.7261864741516875 
0.059205005684946244 1.9298530598346468 
1.0177236348973577 1.644823171133901 
1.995208268661623 1.8558297841931604 
2.0355148049056586 2.855017145570399 
2.5740174417087696 3.6976409703914737 
3.5287494234855594 3.4001735890325033 
4.1178112850531585 4.208261531800192 
3.2462203640691043 3.7180276422554477 
3.026777305186074 2.74240233307776 
2.206278728628298 2.1707537645790156 
2.8915774275181945 1.4424916597707158 
2.608466477843429 2.4015788248262453 
2.0414314073399806 1.5778851749665728 
1.964076563168992 2.574888799876373 
1.9007615813591898 3.572882393582477 
2.4833777815451903 4.3856298102383695 
2.3576360877434595 5.377692825595696 
3.0038170770865134 4.61450862174211 
2.558378645237636 3.719196048708528 
3.106803063609057 2.8829959187551966 
3.295733262797507 1.9010053995369036 
2.8561804035544074 1.002788675170665 
3.2769917439465783 1.9099368525911702 
4.119413590100883 2.4487554056514496 
3.248400419269238 2.9400150683938775 
4.02792674120875 3.5663845387573807 
4.908173813360454 4.040900178086953 
3.9746248483780713 4.3993500769296245 
4.974377504526407 4.377109876293197 
4.833706356087834 3.3870535001221365 
5.544307676250424 2.6834586139957635 
6.488021234002739 2.3526947693656863 
7.156295011578175 3.0966101934597545 
6.661699244867206 3.9657333306224865 
5.688753410082202 4.196766667122897 
6.686729709099228 4.260353667368864 
5.808574383363579 3.781978057745926 
5.443467801719264 4.712943784311626 
5.044837985681622 5.630055702108901 
4.37773415331571 4.8850909533840285 
5.377659533485215 4.897307094054084 
4.4772127459783775 5.332273279945145 
4.837043621583014 6.2652908258474715 
4.708494234128178 5.273587717561032 
3.7118845814624115 5.1913125681329095 
2.7881169732991964 5.574266098092371 
3.7108768184671677 5.959641587901443 
4.078353187874221 6.8896744464217266 
4.086381561825373 7.889642218508257 
4.326888500380151 8.860289637763575 
5.326308613643659 8.894340147368531 
6.3190203476723 8.773827023096326 
5.648290936561367 9.515529158101195 
6.611018690387772 9.786001470939986 
7.556234960062497 9.459556676920847 
6.985060563765509 8.638727943862134 
7.060769805193629 7.641598007112476 
7.904218472736717 7.104388229446629 
7.855579110590081 6.105571823669287 
6.933572751265249 6.492746556011895 
7.874620150880514 6.154471827902703 
7.513521657795907 5.221944145583285 
8.513515943046066 5.218563396106455 
9.094901017514088 6.032191932470447 
8.110098880761099 5.85851190642615 
9.105480182788666 5.76251157531263 
8.209515575716672 5.318386116827837 
8.572656976934432 6.250120157593549 
8.621285126224391 7.248937109340281 
7.720438520918225 7.683074637905085 
8.220388055479326 8.549129175963825 
9.036123151829674 7.970703508671745 
9.91716416762318 8.443743389114765 
10.529499385714242 7.653145146841628 
11.523851685314666 7.759274804710437 
11.394385071925665 8.750858586353512 
11.04864143428753 7.812529573142927 
10.074224000542658 8.037275351332548 
10.01963519207881 9.03578427066702 
9.614812042253654 9.950179271400096 
10.110543694313165 9.081703520934749 
10.991041294770502 9.555754125394728 
11.416560550699643 10.460703495709724 
12.094222890655312 11.19607670232376 
12.608925004052606 12.05344577948036 
13.56411226501342 11.757443589457756 
14.533872246098735 11.513382984104473 
15.477901953628681 11.183522541946088 
15.54603210134013 12.181198983971665 
14.889463759254033 12.93546552318066 
15.270859421461672 13.859877416683332 
14.6259050339025 14.624098482846895 
13.628246381595062 14.692488639127648 
12.934960242558855 15.413151063165607 
12.83297822478368 16.407937305556658 
11.916643137387494 16.007525008534422 
11.84648719553327 15.009988972181576 
11.43625025090898 14.098009998046027 
11.439036015040093 13.098013878294452 
11.149528672273261 14.055189671178962 
11.047804967219589 13.060376981357328 
12.0462220793902 13.004134025132593 
11.132482880905787 12.597832810326308 
11.816390852494356 13.327401098012668 
11.397641842724674 14.23550311145439 
12.06000282607728 14.984687953620973 
12.480782184016094 14.077524940743686 
13.302730923752486 13.507963469745377 
12.523838667694076 12.880805711719345 
11.647852267226142 13.363141514034737 
10.969104910038467 12.62876965651925 
11.968798593312165 12.604020118691912 
11.021086515987252 12.923146768303779 
11.570391938037268 13.758768425099756 
11.484022487304484 12.762505248032513 
11.017617891263702 11.877933740017454 
11.396941637151528 12.803197754126739 
10.755335981534035 13.570232422625919 
10.085535846430897 14.312773855150608 
9.120749458740516 14.575808503300514 
10.112482609434423 14.704125913712108 
10.700954362374954 13.895608136547562 
9.703730773248223 13.970073653998249 
10.357673623691195 13.213529703950057 
9.44269772543798 13.617038199047402 
10.274026873265266 13.061257803591822 
10.58855341283343 14.010506483289232 
9.615941337731579 13.778072081003186 
10.03378531133475 12.869553278928342 
9.03403066268292 12.891703730369674 
8.74311131041459 13.848451309658891 
7.980293453468862 13.201837887957234 
7.060779263374113 12.8087810800854 
6.261597214855653 12.207692024016469 
5.829476227063749 11.30587638215293 
6.826056047792631 11.223240670042548 
6.272045425422501 10.390731072319458 
5.276382010655002 10.297702235427222 
5.70234328502024 9.392960839921775 
5.173208437641298 8.544423089854483 
4.395383586785842 9.172904196485135 
4.507834543145799 8.179246920351291 
3.9280670299800073 8.994028873193617 
3.398141428947778 8.14598473674161 
3.2775783368361338 9.138690403503153 
3.093788330722184 10.121655933749578 
3.919395578869162 9.557410710635395 
2.9770169116767713 9.222862586114134 
3.9667645228232065 9.36568998625124 
4.9300981083063595 9.63399653309677 
5.236791787151438 10.585804805469138 
4.54649047893088 11.309326818865404 
3.8756443656886894 10.567730235575105 
2.937277698831325 10.222088804998561 
1.954660125228178 10.407730136727958 
2.93870364102228 10.22980217652051 
2.7532093500435675 9.247156834591742 
1.8518281773532488 8.814130297853604 
1.3490601943027882 9.678551696952082 
0.38796046633378845 9.402350116764866 
1.0475954305306776 10.153936248894091 
0.6967673108349579 9.21749637873116 
0.9756682186665409 8.257176492645947 
0.004251050361169906 8.019797712799106 
0.12501775631739476 9.012478629676469 
-0.799961574228536 8.63246121157198 
0.19694508356261564 8.7110558402159 
-0.24944231649863713 9.605895652174754 
0.7317024543461417 9.412621394592565 
1.484968807096434 8.754905801182865 
1.0624607920996554 9.661264988957493 
0.869267137941465 10.642425634312271 
1.3055977247897306 9.742639204663186 
0.9278866800314393 10.66856272562353 
1.8369855258036358 11.085143196379974 
2.8049107949545373 10.833904916376397 
2.76696922686037 9.834624956900297 
2.912542208320518 10.82397247272515 
3.016109101850452 11.818594963203099 
2.6583316050114547 10.884788097327922 
1.8211222301944894 10.33790560289371 
1.7552787869590467 9.340075636926109 
0.7666038647527169 9.19000266067686 
0.7618675723061069 8.190013876972833 
1.5467354855003208 7.570350775894384 
0.6361876526268276 7.15694704580794 
1.5070483836634216 7.6484768893967185 
2.3397889094087496 8.202140340223478 
3.318649482225308 7.997611665008389 
4.248284480288877 8.366093374697416 
4.177438013242135 9.363580606749533 
4.718244243406448 8.52243340119306 
5.5486838442447395 9.079542070448475 
4.559196863206343 9.224164040963053 
3.852410885500505 8.51673660177342 
3.7707868740175776 7.520073408538396 
2.771353960583504 7.4864006963714385 
3.714476425310172 7.818846205482172 
3.9681402431614234 6.851553763914925 
3.243952782712083 6.161950601126402 
4.031597653128477 5.545821103287887 
4.021660211111826 6.545771725691896 
4.947372742015047 6.167543870915504 
4.140629656699928 5.576641514940982 
3.3749159716486634 6.219823100906573 
3.37820315735395 7.219817698097047 
4.345739717749388 6.967086607215522 
3.6042787353132772 7.638082591946338 
3.404535447749868 6.658234328655863 
4.100772057732839 5.940421969526111 
3.6844688510685053 6.84964781612364 
3.147480939400576 7.693237753665877 
2.799679275122963 8.630805885763872 
3.5678643994900936 7.990578102314062 
3.156683946173939 7.079024135282641 
3.7769465656335175 6.294629921318041 
3.7295641925515026 5.295753096718974 
3.278295743672036 4.4033648476670715 
2.7403912022970145 3.5603590918337393 
2.527685814714425 2.583242712842301 
2.7433967987115553 3.5596999681192485 
3.6446002581697963 3.9930962355933683 
3.520082421194263 4.98531360506184 
3.0092557007172944 4.125629906457089 
3.6077586103475543 4.926750538549481 
3.085360610706793 5.77945232110381 
2.320767326142322 5.134939241951095 
1.3697448961747078 4.8258173603275285 
2.1079838275022813 5.500356669984366 
2.9995034706236523 5.953338707077166 
3.121417860347733 6.9458793266883765 
2.121429764609281 6.950758709987943 
1.316574141745483 6.357288048249279 
1.5299502169851111 7.334258186234741 
1.9023784892011213 6.40619720652802 
1.5312894244046324 5.4775999278391 
2.062106658750669 6.325086248508186 
3.0087291437624413 6.002741912634051 
2.3928497209027526 5.2149014868510015 
1.9617220447334567 6.117192419333902 
2.892004655305501 6.484036070590486 
2.513553117928429 5.558414963518628 
2.9657915555637704 6.4503120402742065 
3.9402035698472733 6.2255427665289576 
4.902952294812802 5.95514511014627 
5.610199690823187 6.66211124854084 
6.369328920571025 6.011171303121561 
5.371138747270594 5.951034975278437 
4.530283848992113 6.492295577983904 
3.8565946133926694 5.753280819107305 
4.163086994068604 4.801407707507026 
3.1631249234423846 4.792698097359429 
3.996601099502543 5.345253491813356 
3.272252735868846 6.034687642476916 
3.234883753978187 5.035386106806898 
2.5456098011539288 5.759886912850634 
3.5352142036278895 5.903703207491246 
3.467822981181428 4.905976580034019 
4.0599110457188905 4.100103312185853 
5.036836743368152 3.88652386263018 
4.643145829338326 2.9672809871014327 
5.428783364519817 3.5859680350618297 
5.356051791314444 2.588616483070722 
5.822642926874792 3.473089609975381 
6.274822331454565 4.3650166171199585 
6.206990535154968 5.362713388394061 
5.250249902196546 5.071771192681032 
6.135002214755799 5.537832718041209 
5.304415397985013 4.980943555095321 
6.2770243170206275 4.7484959467781485 
6.927453241044436 5.5080630700748525 
7.260321702257592 6.451036339860155 
6.948899190606335 7.401307890121881 
7.225547657951698 6.440336701419815 
8.048509219280525 5.87223964230472 
8.999247036473198 5.56224350852284 
9.933350143030458 5.91924685069218 
9.144028560169307 5.3052668519710755 
9.928622204560973 4.685256518847343 
9.34025695433086 3.8766612354566616 
9.165121039269646 2.892116969689159 
9.551721684624939 1.9698697463206787 
9.443553509152471 2.964002356094122 
10.424201688360371 2.7682240411145758 
10.604114968977601 3.7519065160309206 
9.748224586040958 3.2347492358959817 
10.0070468489063 4.200674199982356 
10.789407329319818 3.577848318465595 
11.074981026481812 2.6194915667863317 
10.401831512745584 3.3589979779530506 
11.293974593244561 2.9072450322871752 
10.334196337304693 2.6264858838609424 
9.718525633244468 3.414489427102968 
8.9054433195044 2.8323406908824924 
9.89880153743868 2.7172778781999005 
8.903051818499494 2.809378351773766 
9.192204903442967 1.852095481631574 
8.588668038569333 1.0547603872462181 
9.539063190748939 1.365805488016998 
8.734355721179721 0.7721339555855466 
8.283272874887922 1.6646160370758643 
7.320203050957031 1.3953642697024244 
6.605450333440875 0.695987008988816 
7.541743317222647 0.3447670657608892 
8.072286416183323 -0.5028908960050597 
9.047674130109002 -0.2823941669525933 
9.923292349462962 -0.7653980322946851 
10.81293287965796 -0.30873653070476437 
9.816428225056553 -0.22519927340163887 
10.693953373081767 -0.7047298924275008 
10.094594729758011 -1.5052105084783256 
9.298107375319924 -0.9005553222604143 
9.865197916701218 -0.07689986159990825 
10.022199715844545 -1.0644981782579301 
11.004949784207914 -0.8795595313184883 
10.025695334246207 -1.0821939860150955 
9.02606992403163 -1.0548254045147856 
8.190372598137115 -0.5056351100878388 
7.705137322654378 -1.3800187372373824 
7.573703161792879 -2.3713436392541904 
7.7267119320503665 -1.383118808446802 
7.005223202205327 -0.6906926299219058 
7.528773734221253 -1.5426872545680017 
7.610610370559497 -2.5393330115713826 
7.735345644760905 -1.5471429534827623 
6.823393161798563 -1.9574387843399867 
6.144953400022131 -1.2227827494224626 
5.158435873253195 -1.3864383920923704 
6.10918576584534 -1.0764792952166298 
5.152531304643799 -0.7852538810385583 
4.2010222768201615 -0.47763305929510647 
5.164656800945171 -0.7448567556889053 
5.056150843961839 -1.7389525545428846 
5.638529452492929 -0.926034873393439 
4.819422476432334 -1.4996756684637242 
4.1913651610089016 -2.277842751128566 
4.610024823039691 -1.3696995424944514 
4.8104087793587516 -0.3899820985087272 
4.03295021353165 -1.018916259150416 
4.48774449119991 -0.12831973714945655 
5.017691341148894 0.7197111209147703 
5.410913872254871 -0.19973221123279006 
4.689751596350806 0.49303396274864086 
5.365319033499839 -0.24426423870304304 
5.715453935833433 -1.180963523515327 
4.740700421315458 -1.4042471680906905 
5.579390581507307 -0.8596383036775497 
6.530279738501544 -0.5501067041423955 
7.123350554012476 0.255043597223255 
7.737463541245438 -0.5341745214941299 
8.713845843262133 -0.3181245265656891 
8.049841466268926 -1.0658532122089934 
7.475552272310309 -0.24720070857734788 
8.459839969769074 -0.42377287125119834 
9.418700145564086 -0.13989408853864832 
8.428925354811371 -0.2825330158706341 
9.313517988692928 -0.7488975429119729 
9.774868612957908 0.1383203567554725 
8.774922172028642 0.1279707058969249 
7.782631004961179 0.2518990713339499 
6.783653617878408 0.2971116812705544 
6.271851181390958 1.1562148566840258 
5.714314992577785 1.9863674921455305 
6.61847287276664 1.5591690280888388 
7.007752277052151 2.480288751794242 
6.689547752815497 3.428310840542877 
6.5463434242654674 4.41800398505007 
5.9424748189759455 5.215087862409089 
6.743843934580042 5.813258022610939 
5.7576092112870345 5.647906667699147 
6.582230844036423 5.082221982736108 
6.189499191144284 6.001875096043842 
5.497974612759168 6.724228027434923 
4.575867407619402 7.111162520895158 
5.054615206433783 7.989114994056653 
5.45109851399593 8.907156924920695 
6.26554837407219 8.32692298466749 
6.102365839585201 9.313518879874035 
5.111258424522514 9.180454640471563 
5.991975893722098 8.7068126454514 
6.73554606261938 8.038154732968442 
5.7358425360287635 8.013806038500698 
6.72917277476757 8.129110144269337 
6.217136925739231 8.988074223442515 
6.210486551791113 9.988052109461176 
5.608277338338454 10.786390423230927 
5.231608900482437 9.860042277055253 
5.986999274076029 10.515317321202467 
6.248811231340854 9.550198417111805 
6.280931284996357 8.550714399153955 
5.495651452574837 9.169855404735099 
6.41866407116678 9.554625083790043 
6.412961033575299 8.554641346241162 
6.779973407297806 7.624425286642872 
6.031628803971671 6.961115136959746 
6.199790638916319 5.975355735651268 
6.182745501900819 6.97521045675035 
6.089342342014632 7.97083882603443 
5.093401435389085 7.880829323703384 
6.081365301945499 8.03551415934961 
7.081296392189765 8.047253612612584 
6.5650371110569345 8.903685953573744 
5.782830505792821 8.280666831330139 
6.758404602044382 8.500337454589028 
6.15175336148665 7.7053693594243455 
5.173897682851136 7.496088993024917 
4.579967844416591 6.691572152295579 
5.152733543763105 7.5112912832496495 
4.573595182875453 8.32652055097031 
4.704218843997214 7.335088526495032 
5.2504068970739315 8.172751114101919 
5.215268628010896 9.172133574447933 
5.938382963517949 8.481405221342175 
5.945726509799977 9.481378257142643 
5.295564282802513 8.721582838239831 
4.890427693374922 9.635839007979461 
3.9118795342702652 9.841857211818072 
4.457539642779493 10.679863802473358 
3.4595148845375627 10.742685629381972 
4.372683586796852 10.335103832420817 
4.500747443302272 9.343337908093428 
3.766936596295528 10.022691748750303 
3.8339246953562007 9.02493797422262 
3.8330182904706436 10.024937563437629 
3.9496229657885946 11.018115971224464 
4.389215250367136 10.1199185411797 
4.441617246284728 9.121292469607436 
4.9095264413590725 10.005069016685304 
4.015889866349589 10.453860362196021 
4.445236295327203 11.357000242792694 
5.119607235204718 12.095392980736884 
4.670187438183948 11.202072295850538 
5.582799084562452 11.610899866953952 
4.6311663418215225 11.303661973875352 
4.9457437833980595 10.354430161697126 
3.948273716529173 10.425517894116851 
3.6151814981862103 11.368412148038978 
4.387630649133487 10.733335531243153 
4.3029810794143755 11.729746315180364 
4.737810209570133 12.63025929541329 
3.7605352803866636 12.84223503173574 
3.854600636137682 13.837801056089441 
3.718103753617094 14.828441556504279 
3.2856201396126052 13.926799763097598 
3.7343789926603836 13.033146870856298 
2.7378775067958836 12.949571822726824 
1.8109758951909556 12.57426740974426 
2.6431931634379797 12.019817756095293 
2.572289509661823 11.02233458737454 
1.9780879117890788 10.218018442388331 
1.0036884232967143 10.442842010605318 
0.0037130032267249646 10.43583064441545 
0.19903747942801261 9.455091969233987 
-0.6792345600385293 8.976930673548859 
-0.4831353129939051 9.957514726707247 
-0.34903188962988907 10.948482068168131 
0.6401747456183153 10.801954825714976 
1.0008724902118713 11.734637589062258 
0.5583925067452034 12.631415969840551 
1.1968005759348626 13.401114051684031 
1.9620949033622186 14.044794556598939 
2.7642492980142563 13.447677878603404 
3.095115039117994 14.391355716302199 
2.5944767115163034 13.525699164928513 
3.3192743734542414 12.836737374079922 
2.5884923729396325 12.154126454357812 
2.843958475723593 11.187308441323106 
3.7990622511318026 10.89103698100169 
4.0597552098387215 11.856458744419438 
3.164201479318217 11.411505358376802 
2.170637754734259 11.524779915055928 
1.1805021398687443 11.384667588064724 
1.2151675419278316 10.38526861373061 
1.965762547634999 9.72450607135441 
1.0394517768245364 10.101266414119578 
0.8163494955487499 11.07606145518695 
0.5818590233127383 12.048179873092163 
-0.265142517096315 11.516589438128657 
0.22426643091585785 10.644535035235341 
-0.6325864660246127 10.128974065994337 
0.35466305583971014 10.28815440893487 
-0.4795520406380689 9.736715225698342 
-0.8317840268721212 8.800802501202295 
-1.6259067464770895 8.193045060929279 
-0.7578585031170494 8.689524916713529 
-1.0127903731990981 7.722565899166007 
-0.8269603949105553 6.739983984428473 
0.07148054829831241 7.179078361033275 
0.9917367942528331 7.570394654818357 
0.4203746960526742 8.391092743484531 
-0.5374485162178915 8.678450872020502 
-0.2953203338309668 9.648695141930922 
-0.7225565367011704 10.552835190240392 
0.10502350262019977 9.99148745619594 
-0.8286713575603109 10.349557153423305 
0.08466719787194554 10.756758188737459 
1.0088731996890494 11.138652501611118 
1.7918291193315878 10.51657531355749 
1.3187542056690962 11.397597518761891 
1.0520815152753302 10.433810365808425 
1.4721186894516838 11.34131726512652 
2.0277551822789643 10.50989193003106 
1.4123711975956128 11.298119404428673 
0.45635044495017707 11.591418433597292 
1.2211986877608993 12.235628931392345 
0.7265741049214889 13.104735669400364 
-0.26601873132160125 12.983247145502434 
-1.185808575922839 13.3756584625773 
-0.2664751971592396 13.769137990241834 
-0.24372761977081797 12.769396749858625 
0.3818999562321505 13.549518622481518 
0.915309853123738 14.395375514572672 
1.1943011700687731 13.435081890169554 
1.2470949848808313 14.433687324321397 
1.9442534585193756 13.716770270099659 
2.6683923961875715 14.406424385546508 
1.7598068349812723 14.824123174110031 
2.483781675779298 15.513949550737856 
3.3351847755615056 16.03846147784843 
2.711008190189003 15.257178180783452 
2.940367564170519 16.230519989998903 
1.9792799899891795 16.506763858264296 
2.2515176585200245 15.544533817248693 
2.693988148530941 16.441316882136462 
3.6612692235871633 16.18760972449585 
3.895395124979849 15.215403438619719 
4.443824007926139 16.051600640450893 
5.35246431583077 16.469180322488917 
6.243925986141195 16.9222764385254 
6.232143458114775 15.922345854918065 
7.224367875159173 16.046807520586277 
6.227046167202758 15.973667853927896 
5.280574193389258 15.650881852395027 
6.1936581427971396 15.243110223497546 
5.194727743434979 15.196871092556815 
5.366877464513574 14.211800296353536 
5.156536730862473 15.189428434127361 
5.729733561841032 14.370010718333923 
4.821096482311234 14.787597425142891 
5.745683557195565 14.40662663760553 
5.49778813287206 13.437839840317567 
4.83843369421906 12.68600759557903 
4.914941014033043 13.683076615263666 
5.593823638960741 14.417323427698884 
5.206514530935689 13.495373507778698 
5.488074122668953 12.535829763959274 
4.5167298899981 12.298152710676735 
4.262205269683154 13.265219005019338 
5.213782589764835 13.57262851025001 
5.186244963364589 14.572249277907545 
4.486578911170559 13.857779253758721 
5.100440563914754 14.647192878729918 
4.124724491062716 14.428153737985168 
4.860511776171034 15.105366460158145 
3.9214291560164822 14.76167498146881 
2.92143674841952 14.757778220194211 
2.226915834572816 14.038305704923795 
3.1483355205514894 13.649736840639788 
3.4316882369822617 12.690721075341166 
3.5572324477703856 11.698633049439438 
3.813445243729448 10.732012646599296 
3.6430833240647935 11.71739420535112 
2.7508457173649585 11.26582798297554 
3.493065843646237 10.595671818978667 
2.530151636560876 10.865479583494759 
3.527362537317129 10.940114825926887 
3.0556873335704973 11.82188719007229 
4.0400188750419375 11.998214772896016 
3.1884823606640205 11.473919469959677 
3.226731721574627 10.47465124451171 
2.78445905526256 9.577770601040566 
3.780509138557288 9.666563796548807 
3.829317958385767 8.66775565726131 
4.218154973972988 9.589062216072882 
4.194797270047625 10.588789387688886 
5.192785898054376 10.525396183248656 
6.18716889771691 10.631237810135909 
5.423808691532663 9.985264749076592 
4.756147853017178 10.729730332372958 
4.820557002819385 11.727653907313321 
5.505630063974536 10.999179542026862 
6.46193004391276 11.291566867966532 
6.840882155093823 10.366150584647821 
7.290494701967852 11.259374273145529 
6.937104304438871 10.32389833709249 
7.881397214619887 9.994792123565812 
8.682317761239998 9.396021484671634 
9.497252985923916 9.97557353545687 
8.84742987192649 9.215488066239962 
8.915170366704157 10.213191040760574 
9.727149530238064 9.629504619823118 
8.912506257351128 10.20946697889486 
8.511157687601663 9.293541585885112 
8.472832445456573 8.294276267856652 
9.455824526529064 8.110628320553188 
10.42208308895418 7.853054271898923 
10.91218567246792 6.981389509714999 
11.129733872813096 7.957439088643536 
11.927721125338696 7.35476476132683 
12.87510186978838 7.674873688171993 
13.757111243416256 8.146105547061607 
14.099479071025673 9.08567154826536 
15.098872560393238 9.05084837480684 
15.952720556767009 8.530325945810265 
15.434649868724087 9.385663751703781 
14.48374494014799 9.076180607074402 
13.54944471028103 9.43266774635231 
13.695840199018319 8.443441603917037 
14.539392026989844 8.980489379748851 
13.592785585321344 9.30288082596246 
13.171532001102529 8.395937929313062 
14.123311880231936 8.089156147447824 
15.113261294485099 8.230578059540047 
14.437573155920651 8.967765647202313 
13.491709210078133 8.64320225438787 
14.45284274855726 8.367118351904235 
15.452453012700056 8.395034652167146 
16.148215262330368 7.676762494841411 
16.271915844045413 8.669082083524088 
15.529010006515067 7.999686149443715 
14.608712542907378 7.608466801152688 
15.594642857604102 7.775623657314857 
15.266400685262235 8.72021726109179 
16.191970422049042 8.34164010601716 
16.288369596053702 9.336982860675684 
17.268720895255523 9.139723310454908 
17.566922883530385 8.185220521465311 
18.546772668710982 8.384956343193755 
19.40161430505486 8.903845326284474 
18.41991867784981 9.094301871266483 
19.255297287705492 9.643976846315908 
19.198903092069425 8.645568265273777 
19.993981020128164 8.039060978991225 
20.004529975231844 9.039005337216333 
19.181867660185453 9.607535648987408 
18.23688851932837 9.934666239646571 
17.592171394095764 10.699087477205943 
18.555540819037024 10.967265312025207 
17.971025427464056 10.155882691423619 
18.85673637339366 9.691645553464488 
19.228387641769164 8.76327314181339 
20.055475156295543 8.20119997636731 
19.528200199292513 9.050894697851122 
20.495703243341914 9.303754065395891 
19.550412704173635 9.629983733818223 
20.503011996950892 9.934211588230456 
19.64354077237374 9.423027458856463 
19.337738706949 10.375122567961622 
18.61247193789287 9.6866546212111 
17.939308560467737 8.94716082996361 
17.878003925258323 9.945279931925816 
18.8186710819817 10.28461059700334 
19.810584954215678 10.411523441387974 
20.80918365864192 10.46444439676701 
21.303262939389718 9.595027543735199 
22.216505023046768 10.00244489319117 
22.974522492452742 9.350210643802685 
23.84406358821676 8.85635005337507 
22.856720577125294 8.697750625731596 
22.523829209249993 7.754785442284131 
21.979978623516807 8.59396750858302 
22.747337395539127 9.235185501936604 
22.35401649744378 10.154586758799715 
21.495266507372364 9.642191935882522 
21.010586586289246 8.767500347893439 
21.82677672478247 9.345283748335518 
20.828516311132823 9.404242602971925 
21.79910291301859 9.163490348071083 
21.14367687932899 8.408230979137521 
20.418507764075187 7.719660173568465 
20.934600286712055 6.863127332354356 
20.089000852600467 7.396945276067534 
21.08759059171814 7.450035133186374 
22.05573142868361 7.70044144261127 
22.027833472382124 6.700830666341726 
21.500532661694965 7.550509343871452 
22.2913985951763 8.162498784351182 
23.194908218202 7.733930982130855 
23.964800115973162 7.095756659749958 
24.784476655637473 7.6685833092032984 
24.06106941661735 6.978161723117459 
24.25528146675287 5.997202152298071 
23.256268509525643 5.9527824349181655 
23.54583011360865 6.909941814248941 
24.545497860989297 6.935717672079469 
23.740948761682098 6.341831532483689 
23.77209893142441 5.342316816771596 
24.251024298230636 4.464461194798643 
24.24066253619242 5.464407510301362 
24.88697775691209 6.227478041422888 
25.86062071221985 6.455555650099345 
26.3395318065664 5.577692241753953 
25.988001220432796 4.641515844373329 
25.917934223754823 3.6439735565596596 
26.58645824493057 2.9002830072644477 
27.06128249947102 3.780363644081385 
27.672917735206934 2.9892237459557287 
27.907886677912586 3.9612266245336616 
28.534301685301504 4.740716354111891 
27.61510810965399 4.346910347951069 
27.695465383281412 3.3501442226362252 
27.126807913548337 2.527569799184598 
28.126500665047555 2.552356945045299 
28.820757233555764 1.8326293458223661 
27.838101267180846 1.6471913460818117 
28.508875854060644 0.9055300665233883 
27.708329810663386 1.5048013176284247 
28.416724337810127 0.7989846318604096 
29.11022802047014 0.07853155071146856 
29.674271722173135 -0.747213387250117 
30.5690459349393 -1.1937322649794755 
31.00802050040713 -2.092231753500382 
30.32794183521662 -1.359092606303418 
29.512435756881818 -0.780344097710099 
29.408974328366735 -1.7749775642743497 
30.367484549106642 -2.0600357280534882 
31.308026540227758 -2.3997131676015497 
30.3375472868506 -2.640897783123596 
30.82252258968589 -1.7663699358598164 
31.078040222733968 -2.7331743313822545 
30.559343573297145 -1.8782159780906955 
30.21774786715766 -0.938368983337259 
29.98375083406285 0.03386832745822088 
30.304963427235208 -0.9131387844408868 
29.308503051525506 -0.9972025676086599 
28.60139574139819 -1.7043088198540435 
28.204730394663056 -0.7863455293573607 
28.846068979127956 -1.5536035173096243 
29.74783423535615 -1.1213773928565778 
30.681811027937133 -1.4787110617434334 
31.62414320687867 -1.1440320146979213 
30.655273100372238 -0.8964623947559499 
29.6924767501602 -1.166690424424183 
30.692257133203075 -1.1457336669783127 
31.27303438865203 -1.9597961827307464 
31.80626868216268 -1.113828578017543 
32.73687457806932 -1.4798513457572156 
33.11395162128105 -2.4060332412198155 
32.850570186824854 -3.3707250158213165 
33.09135364308682 -2.40014615390924 
33.5052240859488 -3.3104819471884195 
34.1020172793346 -4.11287703960136 
34.49795448393616 -3.1945994508449402 
33.56278088477231 -2.8404097567163222 
34.53130830012076 -2.5915028550071866 
35.40024598708631 -2.096581349947069 
35.987334243516095 -1.2870584168795562 
35.368671291731154 -0.5014019066355822 
36.36860506878275 -0.5129102302029991 
37.337710498882274 -0.7595570735876435 
36.41189301153485 -1.137527945642224 
35.889833692452214 -1.9904371244877637 
35.515550758596035 -1.0631225686740353 
34.87501060744821 -1.8310472490740852 
34.0199478040564 -1.3125228019592527 
34.030831280044936 -2.3124635751805505 
33.17725347430912 -2.8334289574807845 
32.74701814323406 -1.93071219132723 
32.672414622571424 -2.9279254657599063 
33.41671583894679 -3.5957695338642415 
33.11151209154261 -2.6434824592011217 
34.05496840125296 -2.311985563789214 
35.043862297050126 -2.163362339308341 
34.16572164794055 -1.6849597887492784 
33.2509663413404 -1.28095146080681 
33.26689421068466 -2.280824604249593 
32.94012010779313 -1.3357221306101288 
32.624971049104744 -2.284764316610217 
32.157622511608885 -1.4006911609831025 
33.046321748310994 -1.8591818006749998 
32.91273144141457 -0.8681451565980418 
32.227748999268464 -0.13958558185377334 
32.93235987077409 -0.8491794937189202 
33.18820663749548 -1.8158968422537485 
32.485609300194994 -2.527484490838419 
32.957254859890675 -3.4092727114556776 
33.54549525914053 -2.6005865963959653 
34.50385145427298 -2.315011031525216 
35.232626466548304 -1.6302578048200722 
35.34555579115329 -0.6366547816542497 
34.70554209692539 -1.4050182836510314 
35.522079908780945 -0.8277263282158815 
35.40763294536862 -1.8211556878412636 
34.78823254320046 -1.0360804418973366 
35.6941024233072 -0.612524353149466 
36.48207176148702 -1.2282388341294512 
37.44153530910185 -1.5100715873686021 
37.50370635345014 -0.5120060778730363 
38.475450091430055 -0.27596771722623825 
37.51354577093286 -0.549354034017747 
37.94402515259239 -1.4519544450336213 
37.268142645718314 -0.7149450577788743 
37.418129654470775 -1.7036330253427 
36.43280839249813 -1.8743433375814265 
36.05560312478791 -2.8004730185719775 
35.06003380935758 -2.8945035358181537 
35.71315139296481 -2.137247025787998 
35.92518016534753 -3.1145104496824354 
35.7631429247714 -4.10129509319209 
34.78568017857321 -4.312403074553974 
34.61443225574916 -5.297631042553487 
33.734646580732395 -5.773001599104165 
33.00803435981882 -6.460049399784031 
34.002655769382976 -6.356472126038228 
33.12279107903008 -5.881247835128973 
32.21595243747594 -6.302725803929536 
33.19431629113926 -6.09583411766577 
33.10769800600107 -7.0920756911205824 
33.03657565066611 -8.08954328987836 
33.98028680056242 -8.42031400436407 
34.402609207232146 -7.5138683166228315 
33.4754325201539 -7.8884926497068095 
34.23653037350903 -8.537129726675298 
33.25872024331026 -8.327636649747514 
34.24988864485204 -8.460245849221396 
34.29383963018065 -7.461212160655968 
35.092255774525405 -8.06331818159385 
35.654713526644464 -7.236492155708611 
34.66419032386656 -7.099146661575691 
34.758837790898504 -8.094657513844233 
34.78960841154314 -9.094183986182582 
34.630114117605245 -8.10698513579769 
35.37128471550601 -8.778301860457095 
36.272474435342 -9.211726696918891 
35.316362262589976 -9.504727572541153 
36.04700310305553 -10.187489582500547 
35.7921525873033 -9.22050912012252 
36.79178218628336 -9.247724278452976 
35.962774241369615 -9.806961104198455 
35.08421349944423 -9.329330469976242 
35.15716451791414 -8.331994945238351 
35.94069743948343 -8.953345217481868 
35.66233170688726 -9.913820370162142 
36.63280223631305 -10.155040086429329 
36.63646188776513 -11.155033389882531 
36.56145326643571 -12.152216275178032 
37.5319103211938 -11.910942354353045 
38.06353107385974 -12.757924866176575 
37.37059453866951 -12.036926282129038 
38.12563770960906 -12.692601361735965 
38.024885946544735 -13.687512956923916 
37.60881954105475 -14.596847189328395 
37.76345785716978 -15.58481833829435 
37.04085050517796 -16.276077056031323 
38.04054522418969 -16.30078472245375 
37.05401551420883 -16.137202537222375 
38.04929395231526 -16.234263500747506 
37.63259596086285 -17.143308485288713 
38.122912419624555 -16.271764011227074 
39.05442908452491 -16.635462654354754 
40.04978005683599 -16.73177694155756 
39.94896007643752 -17.726681626214564 
39.001192424785145 -18.045643188916628 
39.42244270204474 -18.952587621563257 
40.38194502166374 -19.234288346883158 
39.98331376746584 -20.15139963957157 
39.0011917818434 -20.339645238077996 
38.34861788177938 -19.58192015273686 
39.179512557428914 -20.138349876940428 
39.49062212769949 -19.18797582674437 
39.13042034340123 -20.120850241973102 
38.30218488835155 -19.560469986255036 
38.998679584045625 -20.27803192704483 
38.00335639957282 -20.37463295421805 
38.99827558924791 -20.475309694412946 
39.53617282557577 -21.318320111401285 
40.29881479772563 -21.96514096937926 
40.73391108100045 -21.064757037780943 
41.662342039018036 -21.43626202589624 
40.66407222492618 -21.49506150100455 
41.664069452836735 -21.492706894623527 
40.88884797342319 -22.124396421096677 
41.74700915272694 -21.61101606469803 
41.59928721866426 -20.621987131755834 
42.214680022535106 -19.833766542742847 
41.84661735833633 -18.903965555852157 
41.3375094427863 -18.04326286018756 
42.33730105115904 -18.02284865367693 
42.85973983269181 -18.87552545033001 
43.5317459484608 -19.61607104674462 
43.92545966001525 -20.535304158275107 
43.55262440421287 -19.60740660356835 
42.56510338771845 -19.764893879187117 
41.60355470759908 -19.49025932972056 
41.40674795234736 -18.50981703101691 
42.02467979465886 -19.29604870060134 
42.09195212098608 -20.293783351753902 
43.02732119905847 -19.940110214823772 
42.042139059927635 -20.111621592690078 
43.040366941287076 -20.171128708874964 
43.15347960730916 -21.164710876984564 
42.42794057781641 -20.476529856697958 
42.9542014690239 -21.32685301549436 
43.276262892889754 -22.273571790663365 
44.22901349038088 -21.969818109236613 
43.635604047499214 -21.164917349453848 
43.442494622214056 -20.183740122921336 
44.40904743186763 -19.927272452150174 
44.01655611277911 -19.00751674304033 
44.7286422510718 -19.709608853558176 
43.87854765853257 -19.182978828079605 
43.29340951661633 -18.372045196470452 
42.298329531187534 -18.47112002979878 
43.298294131145276 -18.462705825656297 
44.28067052669838 -18.64961922127067 
43.285690067432114 -18.549549816964003 
44.12072754636341 -19.099742881969426 
43.66831488071397 -19.991551594620276 
44.47718783773876 -19.403568142987517 
43.495481168339154 -19.593967762882958 
43.06132232525527 -18.69313142981681 
44.01019866944758 -18.377483392547088 
43.11958473087617 -17.922723222322922 
43.32736537312846 -16.944547775531692 
42.418401902441445 -17.361423547143122 
43.08625309408407 -18.105718371672705 
42.52724031815202 -18.934877413319565 
42.01122819413394 -18.078296134125143 
42.90835568095439 -18.520067876534313 
43.68489755604492 -19.150133520916608 
43.30581042079767 -18.224772540601343 
42.861950555923656 -19.12086875215121 
43.136980248649856 -18.159433019447807 
43.45208373580205 -17.210375701692694 
44.01105496655198 -18.03956275127433 
45.00965907071271 -18.09238171712329 
45.473740135117524 -18.978174450024664 
46.45877032711173 -18.80579254592837 
47.423142410279226 -18.54124295661252 
47.98174852271905 -17.711809890509617 
47.38605197140745 -18.515019463881014 
46.85238945563744 -19.360716998027847 
47.45668949498803 -18.56396015780564 
48.37677951339998 -18.95566713759881 
47.38019421344323 -19.038236744053687 
46.46356216581499 -18.638504722242995 
45.46588326235206 -18.570410628629848 
46.10391215129057 -17.80039820218474 
46.61546782612476 -18.65964833546663 
46.219123434526985 -19.577750248790522 
45.28066091434981 -19.232369157497576 
45.475252750721125 -18.25148485381154 
44.94278320431107 -17.405035692818473 
44.86845454950692 -16.407801893213282 
43.8755973039257 -16.527110274716293 
44.488974160035106 -17.316900647150234 
43.56621802765753 -17.702285026905795 
42.92030127302233 -18.46569287732491 
43.91949570744503 -18.505823691155538 
44.33880420154634 -17.597979879272405 
43.4056419820211 -17.238524357613983 
42.49817226924593 -16.818406849771538 
43.38245330995453 -17.28536192367406 
43.2675933342506 -16.29198023168387 
42.35879602052502 -16.709218104563565 
42.715273102658074 -17.643522171724733 
42.85724460001485 -16.653651425648118 
42.578842972112525 -17.614116174392876 
43.020820616313934 -16.71709010898219 
43.78749047099926 -17.359131644956914 
42.78937076789844 -17.29783679784942 
41.89685454120943 -16.84682151529592 
42.67386453453604 -16.217333254666237 
41.688423673343614 -16.387351809807527 
41.1697844563434 -15.532358615337886 
41.20136486984432 -14.532857400989894 
40.271318157288114 -14.900298705776656 
39.92243917043419 -13.96313092328956 
40.92191454593083 -13.930743058650972 
40.08270131289371 -14.474545549906185 
39.34860867235556 -15.153594881772236 
38.48853734742831 -14.643421072136839 
39.4052906972202 -15.042874818702511 
38.46541785413994 -15.384399398843136 
39.42390645889411 -15.099268561232728 
39.12198414579278 -16.052601093380638 
38.227081915973116 -15.60633883969589 
38.675522986820404 -16.50015123946294 
39.54559321827184 -16.007223463473352 
40.27864289101677 -16.687398571286444 
40.87089438712471 -17.493151737807004 
41.60582227987464 -18.171296996920525 
40.606425480560695 -18.20602504784559 
39.70236602970991 -17.77861832196569 
40.54388154222301 -18.31885127375575 
40.7111013394369 -17.332931632294162 
41.05137487026299 -16.39260513356133 
41.05305306019311 -17.392603725399617 
40.664022790207035 -18.31382869739862 
39.75244373867444 -18.724953535868543 
38.83680135995157 -19.12694735956081 
38.004914573854016 -18.572001979260843 
38.9874789021315 -18.75792492242984 
38.091528992302976 -19.20208002943443 
37.32106522874885 -18.564596234307047 
37.73514610514019 -17.65435614081139 
38.73200239181204 -17.575125189013434 
39.21548541915045 -18.45047892452593 
38.771002385672 -19.346266194445413 
39.2062341328574 -18.445947736208584 
40.097075599469214 -17.99163343821113 
39.92213515585478 -18.976212455450472 
38.97181562388795 -18.664936392827045 
39.967112661315014 -18.761806446449995 
40.55569394834266 -19.57024448894978 
39.79261041853408 -18.92394461541205 
40.38631365507516 -18.11926053645892 
39.4164133804145 -18.362763015323424 
38.65994290297816 -17.708735174350856 
38.8820102658314 -16.733703848517983 
38.208772130429516 -15.994278116587727 
38.93444197393038 -15.306235037824903 
39.798941121950236 -15.808869321447649 
39.47596245338897 -14.862463076934018 
40.466321881547735 -15.000984566447576 
41.09668445935674 -15.77728542339544 
40.16829172214034 -15.405684931625256 
41.1095465947663 -15.743381933030186 
40.30800672685105 -15.145440597996055 
40.20215851443502 -14.151058299315949 
40.62024967147445 -15.059463376583482 
39.64122269304788 -14.855732732072276 
40.145688940405 -15.719164145258885 
39.67788790508616 -14.835330342242381 
38.78645504935004 -15.28848314617737 
38.93462285501824 -16.277445380726025 
38.55581400918633 -17.202920317350184 
39.359060498110935 -17.79856709022005 
40.23061602419069 -18.28886390334435 
39.68928051174554 -19.129670577298445 
40.071349163209014 -18.20553663377679 
39.898974496118676 -19.190568092231544 
39.13824796261494 -19.839640616086463 
40.06002874971899 -20.22735208164537 
40.100117285338115 -19.228155950091654 
39.10502347347777 -19.32709181617292 
39.614152183778785 -20.187782211348345 
40.39386685813914 -19.56164722064177 
39.69922107928906 -20.28099918034284 
38.69996263379232 -20.24249516622172 
37.84996282939491 -20.769278169482426 
38.318753202821405 -19.88596871873334 
37.428320278924396 -20.34108321865641 
37.25204497934881 -19.356742312892795 
37.2890465337085 -20.356057520910248 
38.11091723299886 -20.92573159759619 
37.27670258984929 -20.374291728567076 
37.321265231875145 -19.375285136528927 
38.252117053202745 -19.00988824720023 
37.25222198699329 -19.024374674295835 
37.435614748169996 -20.007414396355927 
37.30683057959852 -20.999087042910904 
38.280133920378304 -20.76956448012696 
38.79053662398751 -21.629499989423103 
38.72058057120844 -22.627050063694853 
39.38362631654854 -23.375628943697745 
38.38363151580489 -23.372404275394537 
38.70744835772635 -24.318524063205793 
38.75268984291712 -25.317500143008374 
37.75783620897769 -25.216177652723545 
36.989172509509345 -24.576524530226962 
36.43434418154067 -23.744559671303527 
35.468187737655875 -24.00251650090857 
34.95963061507935 -23.141488247552918 
33.97222719982155 -23.299711177424804 
33.79237811161164 -24.283405390821457 
34.1492204861238 -23.34924078019198 
35.119598391281585 -23.10764872489713 
34.851935193771666 -24.071161263839286 
35.76190734081066 -24.485830640105792 
36.30041895115964 -23.643212550150835 
37.090033273924526 -24.256816022504566 
36.13558145089031 -23.958450948297383 
35.69132699851265 -24.854351602132745 
35.26943712289985 -25.76099868499102 
35.17337429968549 -24.76562341204313 
35.930660135201094 -25.418706992702937 
35.03611701143072 -24.971725337917047 
34.181979041440016 -24.451678870550747 
33.56368614648314 -25.237626639836883 
34.299006823563545 -25.915345978396747 
34.64909074601786 -24.978627639065763 
35.025266530156074 -25.905175953741256 
34.16544311530583 -26.41576746882475 
