0 0 
0.9062122702236687 -0.42282303780194436 
1.0001209863668177 -1.4184038497064053 
0.9745254252737526 -2.4180762296651253 
1.7690802241209784 -3.0252686799054462 
2.7690736808320753 -3.0288862115212765 
2.2096463781937525 -2.2000067914227857 
2.058830425144558 -3.1885686500365313 
1.104552120420828 -2.8896490669818182 
0.8187655006688868 -1.9313557882979075 
-0.005668487317874504 -2.4973139134734765 
0.6001986849881463 -1.7017480962578886 
-0.13536663248231584 -2.3792019055575175 
-0.34407617918638755 -3.3571795766290924 
-0.8688123180103196 -4.208444508722592 
-0.14368148416635362 -3.5198333892881504 
0.19521231026348013 -2.579008753079601 
0.9520477780521555 -3.2326141957566774 
1.6982869755868006 -2.566936300628073 
0.8102866469741625 -3.0267791176686862 
1.4948749839923203 -2.2978492110118713 
0.5100972806682816 -2.4716677227873194 
-0.2332677267720734 -3.1405537113632507 
-1.0672353635490066 -2.588740354503617 
-1.777368423895234 -3.2928078488557575 
-2.7769789488070047 -3.3207148100951005 
-3.5239305939625107 -2.655836445430192 
-2.6574079999352582 -3.154974296169125 
-3.6057735376511095 -3.472153751482555 
-4.294568478183576 -4.197109977676162 
-4.134352363056111 -5.184191938028727 
-5.004286706536228 -5.677359493767969 
-5.99300495089457 -5.827146787197545 
-5.709955753208715 -4.868041395861748 
-5.738611781466357 -5.867630727559769 
-6.205719382109002 -6.751831207893201 
-6.686321790188459 -5.874892598098748 
-6.092126707509122 -5.070571639948524 
-5.14991070069254 -5.405577604818725 
-5.509859193732451 -6.338549781444747 
-4.793697569658641 -5.640615308729748 
-4.063018758180836 -4.957893934773005 
-3.0655817644026033 -4.8863436486614695 
-2.629959216799971 -3.9862142157351865 
-3.4871409854031676 -3.471200220222156 
-2.5315778203388657 -3.7659866472711188 
-3.2392604105338227 -3.0594561443662855 
-3.7197357821071058 -2.182447924728912 
-2.7452170899520607 -1.9581416193328742 
-2.613266025069945 -0.9668853878384761 
-3.4906882954700986 -0.4871665541391515 
-3.0486284879593746 -1.3841521318289947 
-2.212202636931803 -0.8360720320873584 
-2.380083045048118 -1.8218794009838886 
-2.892807796283146 -0.9633263569202275 
-3.041070423440639 0.025621666682812072 
-2.6131695438738296 -0.8782040008360689 
-3.315178602651614 -1.590372015699085 
-2.3151956653174217 -1.5962136798867068 
-3.1332439018044167 -2.171363297621534 
-3.9821236068944383 -2.699949379812768 
-4.7882450477372025 -2.1081992445245823 
-4.416472697184791 -3.036523174715297 
-4.961923982663716 -2.198380647951866 
-5.398317809618806 -1.2986248878727817 
-4.665431726401939 -1.9789762596117084 
-5.654225365098005 -1.829687478806877 
-4.853192370117283 -2.4283076763881275 
-3.886704135979746 -2.6850185902069694 
-3.2840131184263583 -1.8870439431407473 
-4.159071236030395 -1.4030260810578694 
-3.1619931762314364 -1.3266366664276756 
-2.9223915183679567 -2.2975079480861003 
-3.6447208090599563 -1.6059586759381261 
-3.0483341438891625 -0.8032613820555197 
-3.4615239039849173 -1.713906330513486 
-4.249548216963905 -2.32955045024013 
-3.3406829563820715 -2.7466402944074453 
-2.932634012724217 -3.6596003480679045 
-2.7246053099550775 -4.637723069828415 
-3.386738857916326 -5.387108928157921 
-3.8494126333682774 -6.273637538812443 
-3.8411626905725025 -7.273603507455309 
-3.8995799481244933 -8.271895761266839 
-4.345194263443306 -9.16712080670678 
-4.905757957190275 -9.995232118821736 
-5.537938569015813 -9.220411059459067 
-4.6033939370604156 -8.864565122453527 
-4.926016335395169 -9.811092875925517 
-5.833134811732219 -9.390217514460927 
-6.168788158426129 -8.448231935562196 
-5.447195192403505 -9.140549486536221 
-4.450640316912629 -9.057613486298907 
-3.7406669167343156 -9.761841979786102 
-4.261079015362889 -8.907926733639856 
-4.046020600794337 -9.884527920575065 
-3.8148767693366903 -10.857447510869699 
-2.815581897957784 -10.81990073955957 
-2.8028544291850737 -11.81981974204859 
-1.8485834216019263 -12.118762619679494 
-1.6498027630089849 -11.138718615683063 
-0.7622671803167046 -11.599457792935306 
0.12058334320207675 -11.12980371478564 
-0.8300609448923395 -10.819520880079205 
-1.626383265509533 -11.424393396967556 
-2.6214908497571754 -11.523190642743037 
-2.27170667839494 -12.460020954733652 
-2.899976933685585 -13.23801612587357 
-3.8999314473923534 -13.228478279289545 
-3.8077301168870945 -12.232737894122277 
-4.451536774217512 -11.467549689837192 
-4.334275603985127 -10.474448578189575 
-3.4242510284221765 -10.889002883282975 
-4.393117046154614 -10.64141726236914 
-3.47055522536994 -10.25556795651196 
-4.4270774397978405 -10.547227438281276 
-3.431884968319294 -10.64516591239856 
-4.401972431582639 -10.402410245895618 
-4.757966757663362 -11.336898362352072 
-3.7836144799618325 -11.111870277576323 
-4.780938628785009 -11.038763901834342 
-5.188056692795738 -11.952139444508962 
-5.395229330869526 -12.930443843984682 
-6.169113749893728 -13.563770699558937 
-7.1438958603591365 -13.340611928463996 
-7.532701765521769 -12.419292240130643 
-8.430398981477268 -11.978679361896534 
-7.769200763953148 -12.728890610241244 
-8.123695736051848 -11.79383268970544 
-7.622488056511555 -10.928505663680115 
-8.518054431581675 -11.373433599242455 
-9.03955150507393 -10.520180528729954 
-9.699383589895586 -11.271593610756018 
-8.86546445232304 -11.823480258529147 
-9.378166823321905 -10.964913849465676 
-8.617304074444341 -10.316001006804601 
-9.19969227356086 -11.128911817121342 
-8.803536529999247 -10.210728487473528 
-8.506868675074468 -9.255747763136995 
-8.363191445995076 -8.266123160651755 
-7.978343250271891 -7.343143276662614 
-6.978791385360216 -7.313208859153794 
-7.7198244250492545 -7.984677424381701 
-8.57607801942458 -8.501233115589663 
-8.994869120459448 -7.59315051268726 
-8.595864175086497 -8.510099286375262 
-7.717340160874018 -8.032401100852235 
-8.168557979746911 -7.139987250706693 
-7.3624826538237125 -7.731800201678374 
-6.375543800807876 -7.570704887010982 
-5.672178623110029 -8.28153357720439 
-4.703041364918507 -8.528055330372379 
-5.696593574214797 -8.414679815368206 
-6.079878116172212 -9.338310130968823 
-6.152630800451084 -10.335660143216389 
-5.626927877106267 -9.484991913889166 
-4.86816591589485 -8.833623902532603 
-5.433926559037706 -9.65819342335579 
-5.5032047823799015 -8.660596045767743 
-6.449796538134271 -8.983030609575444 
-5.477657949444432 -8.748623774393257 
-5.113032357220139 -9.679777992283658 
-4.163474221098764 -9.993369041463477 
-3.3747239322585685 -10.608082781227369 
-4.368168098074047 -10.493764412593162 
-3.3846925329303303 -10.312723497976476 
-3.0866407737503696 -9.358173787982423 
-2.0968390850818786 -9.500625945245847 
-3.0755053824564005 -9.706082214031309 
-3.100981651423789 -8.706406786845314 
-3.965934541743483 -9.20825985052791 
-4.1770216367462485 -10.185727107433886 
-3.669055658929576 -9.324349974361064 
-3.752770206535398 -8.327860197936262 
-2.7726516692858665 -8.526273032550957 
-3.5553802232204585 -7.903909785840917 
-4.170233964290467 -8.692550944475322 
-3.4298914654720787 -8.020321084648085 
-4.13828041811249 -7.31449880405826 
-3.950318240620593 -6.332322536867638 
-4.715113762915974 -5.688049451074869 
-3.9658949951162246 -5.025726842388871 
-3.5009201076988448 -4.1404029727958305 
-3.6750164684620126 -3.1556743517184187 
-2.675050536701869 -3.14741993962137 
-2.7927204999505246 -2.1543671818340204 
-2.0733678316294015 -2.849012226860097 
-1.3461947386140918 -3.5354663715737464 
-1.7009442214279764 -2.600504979620431 
-2.672743080845751 -2.8363162957914576 
-3.604595459881477 -3.1991539229547072 
-3.902414249381581 -2.244531500936089 
-3.3176419522059395 -1.4333340154518677 
-3.52064158449697 -2.4125128291982163 
-4.517186361289978 -2.3294555727628254 
-5.44608199270534 -1.959113965678964 
-4.725186661397995 -2.6521579190464784 
-5.286772380588746 -3.4795764830157707 
-6.273206765444273 -3.3154204463473094 
-7.222747228817472 -3.001775888898894 
-6.401897703158585 -2.430631374589616 
-5.968500081229367 -3.3318341826778397 
-6.95653961310318 -3.486034972087546 
-7.899594408447494 -3.818672391777655 
-8.324145511536228 -4.724076368390382 
-9.147974640091396 -4.157238149015549 
-9.94131485529612 -3.548459615442853 
-9.284916226578435 -2.7940453789536797 
-10.128497681909227 -3.3310466156580123 
-10.393815340530045 -4.295207670681481 
-10.14313517189449 -3.327137707789929 
-10.212100787468792 -2.329518670347049 
-11.089138061972436 -1.849096336216736 
-11.459740937361612 -2.777887759924597 
-12.38290187241519 -3.1623014537376606 
-13.216406324215708 -2.6097887128631005 
-12.219821651382242 -2.527211537606176 
-13.16611482825381 -2.8505213323948797 
-12.251234254223231 -3.254245910865745 
-12.960551209146626 -3.959135588374362 
-12.134367269345379 -3.3957351112584035 
-12.143237896285209 -4.395695766473245 
-12.921129654969468 -5.024094057186316 
-13.888606617174988 -5.2770531993448415 
-13.520216970469503 -6.206724683364981 
-12.56850949072306 -5.899718375620871 
-12.002875961922724 -6.724375098807483 
-12.78262479388418 -6.098282646325628 
-11.861283014256301 -6.487036199508277 
-12.240030808440542 -7.412536123009393 
-13.118728754387332 -7.8899142957287705 
-13.052132138991174 -6.892134314561692 
-13.761109152983552 -6.1869027259112315 
-12.762949839637269 -6.247549120528513 
-13.233624884782284 -5.36524248342453 
-14.009107018408459 -4.733872971627679 
-14.861128602901411 -5.25737962827888 
-15.488343410694986 -4.478533311676902 
-14.608803413127013 -4.954358271802085 
-14.282780741114436 -4.0089963213652275 
-15.038000500117723 -3.3535246472167435 
-14.313916652965123 -4.043236603248165 
-13.929274380598569 -4.966302322635844 
-12.938946183735636 -5.105046917118695 
-12.863173831255388 -6.102172060016822 
-13.167039889385375 -5.149457297500494 
-12.233120564383379 -5.506941135439799 
-11.32346777384505 -5.922310610324304 
-10.437427470579532 -5.458702391038719 
-11.06976971278048 -4.684013234842328 
-10.268458315582668 -5.282260712664749 
-11.150226363588768 -4.810577440207993 
-10.150486795549895 -4.833398397625445 
-9.155799445690311 -4.9363404979990015 
-8.9950788020691 -5.923340434530906 
-8.096033799870762 -5.48548419782508 
-7.871725591378884 -6.460002451939986 
-6.871876847990121 -6.442610202404322 
-6.084505166563751 -7.059088778907846 
-6.711750913849092 -7.8379101785319545 
-7.2183988324820385 -6.975757125678284 
-6.595027278884815 -7.757682893360731 
-5.8499080890791735 -7.090751567823098 
-6.560748305604505 -7.794105096690495 
-6.881990142793098 -6.847107904487848 
-6.127697364298706 -6.190569707342235 
-5.4113940058521175 -5.492780700064149 
-5.14306065967695 -6.456106821027572 
-4.383023440380006 -5.806227274278046 
-5.293852368563773 -6.219011314162839 
-5.625836603763375 -5.2757263797029825 
-6.590473716099449 -5.012144814520743 
-6.870789547763902 -5.972052640573987 
-7.3339639642232735 -6.858319789879162 
-8.327362367732452 -6.973035141534534 
-7.463409846570784 -7.47660841443372 
-8.40681913036932 -7.808239117539951 
-7.485984366637952 -8.198192112019795 
-6.920090468474685 -9.022670186938456 
-7.091963099127213 -10.007789366953027 
-8.091939811838365 -10.01461388418113 
-7.824538048025855 -10.978199011043287 
-6.856530296960884 -11.229119304917928 
-5.856914710419157 -11.256844368359516 
-5.029910491665086 -10.694648653182881 
-6.001464094717911 -10.931468408260603 
-5.823107515314934 -9.947502488838762 
-6.210490930950115 -9.02558378890323 
-5.224243851949674 -8.860306146243682 
-4.259026544267271 -8.598857204860602 
-3.2590394674717045 -8.603941124790992 
-2.7568052129782767 -7.739209516941811 
-3.143661610917301 -6.81706954525983 
-3.80099443803144 -7.570669939632161 
-3.0747725812399973 -8.258130349196515 
-3.1849844896994997 -9.252038461264082 
-3.86290247974331 -8.51690092394541 
-4.839600314241505 -8.302281865876147 
-3.901151548622339 -8.647700328480369 
-3.154628530985998 -9.313059918581189 
-4.124591377010871 -9.069806804867659 
-3.6695675702314987 -9.960286077655077 
-3.1276231005988757 -10.800700375388413 
-3.7887541072366098 -10.050429896119653 
-3.364875227054191 -9.144711013167939 
-4.097699883882835 -9.825128548468125 
-3.1049405584017085 -9.705008101956055 
-3.654039233902812 -8.869250574581677 
-4.306006159103552 -8.111003168754072 
-4.8821056050220735 -8.928382779713614 
-5.467934017134757 -8.11794766722062 
-5.5158411140656884 -9.116799463066053 
-6.515302102133434 -9.083970614005421 
-6.142376249247449 -10.011831761079304 
-5.9660066528979705 -9.027507746598543 
-5.029223261043817 -9.37741755890198 
-5.87339382890724 -8.841342888400616 
-4.874542883221472 -8.793418069124519 
-3.974971642513163 -9.230192133018557 
-4.927818924019155 -8.926741876589862 
-5.661035233305834 -9.606737349954221 
-5.907392886007227 -10.575916335980775 
-6.768880236183504 -10.068137303835632 
-5.833075293114501 -9.715619065261203 
-6.474790821923069 -8.948676316364038 
-5.6802656931389475 -9.555907590040366 
-6.387076064104038 -10.263310657249006 
-6.061111912872024 -9.317928527043662 
-7.033791741932067 -9.55007923270644 
-8.01024605952197 -9.76580351427909 
-8.432874229116322 -8.859500347416407 
-8.048864886984173 -7.9361711400611785 
-7.768267198141414 -8.895996612225833 
-7.488963185862011 -9.856199334948816 
-7.063563621302697 -8.951193693821233 
-7.723935351972385 -8.200254829909982 
-6.845873835941841 -7.721707053751589 
-7.356989722874949 -8.581218862934326 
-7.496154143601363 -7.590949574304268 
-7.67874529511187 -8.574138503956178 
-8.541486950261644 -9.079783474730563 
-9.31453441369251 -9.714131659313056 
-8.350185885893996 -9.978767100879073 
-7.499067917021914 -10.50374157936642 
-6.514428428492345 -10.329141815253662 
-6.985511249843812 -9.447052831404786 
-6.096629092192949 -8.988916923829374 
-5.489717230450603 -8.194147779941389 
-5.123704028738592 -9.12475743826894 
-4.626696273488004 -8.25701133990792 
-3.9647528956414613 -9.006565183554333 
-2.999419654030191 -8.745544623750556 
-2.914548948483967 -7.749152651010869 
-2.2286057860486848 -7.02149752809323 
-1.2414455555503099 -6.861764377738035 
-0.6741415724979093 -6.038255913414272 
-1.450241548321241 -5.407646028043749 
-1.468828453590921 -6.407473276598466 
-2.3923782403351943 -6.023994735602223 
-1.4589821643808296 -6.3828425660164445 
-2.206504523001481 -7.047079213125152 
-1.2117866152172732 -7.149725615562881 
-1.9363686437298266 -6.460537046333361 
-1.8091413795453661 -7.452410638706974 
-1.1393983472066123 -8.195003576078244 
-1.3537096745500579 -7.218238171811544 
-1.3977441302696414 -6.219208158894275 
-1.3710414557414636 -7.218851578906152 
-1.8076733359587536 -6.3192113168136235 
-2.007865780551479 -5.339454721975912 
-2.9204280917603707 -5.748392404466882 
-2.145920974404932 -5.11582721006731 
-1.5752611129114196 -4.2946406767630885 
-0.575282372010722 -4.28812011339361 
0.1511813095312563 -3.6009152535443256 
1.0801120440020302 -3.2306617045328565 
1.0409091186060315 -2.2314304346856826 
1.095270917455888 -3.2299517388278662 
1.2801340151810783 -4.212716021399962 
0.9230026561445258 -5.146770191345531 
0.4236264323263704 -6.013155433074128 
1.304687509952242 -5.54015291987495 
2.1945164957293257 -5.0838587427579 
1.1999126261549784 -5.1876043095438344 
1.7146403339154945 -6.044958021184255 
2.354745232031779 -6.813245545101922 
3.0683324821833606 -6.1126791767819 
4.024442071182556 -5.819669870063174 
4.44604096262684 -4.912887440407111 
3.6036613565261932 -5.451772028445887 
3.137623393536036 -6.336536752568625 
3.5313830394276944 -7.255750188755932 
4.096645843222005 -6.430839307116833 
3.2728367281556014 -5.863972001715022 
3.371336647270835 -6.859109060583947 
2.8764101814213547 -5.990174199157762 
2.505079444883431 -6.918674863725215 
1.8357845219386486 -7.66167170498387 
1.0106139488188615 -7.096788066296076 
1.0884284406460336 -6.09982021081543 
1.6498006898360447 -6.927383620977666 
0.9798092353028351 -7.6697524315108625 
-0.020003413419150573 -7.689108760076147 
0.3895856149892216 -8.601378910748352 
0.861969921825557 -7.71998622490693 
0.0794867139828701 -8.342657911628125 
-0.8576537038603809 -8.691610397282801 
-0.4818805189897151 -7.764898730402451 
-1.448624430884327 -7.509152354446304 
-2.2337312440872177 -8.128512743769354 
-3.2330231565822953 -8.166138182264206 
-2.3484296029661262 -8.63250096476375 
-1.4934696244872159 -9.151194935424042 
-2.2442984718376824 -9.811691749940486 
-1.978038721330488 -8.847790434836162 
-1.697399122494458 -9.807603653939312 
-1.1514583999381567 -8.96977984939882 
-2.150491451085048 -8.92581437753586 
-2.2226261631854793 -9.923209275913722 
-1.325341356678364 -10.364661397906005 
-0.7280006135828504 -9.5626738439888 
-1.6932926965564508 -9.301501114653428 
-1.3671176913897782 -8.356191712391649 
-1.8408391869851326 -7.475517002518076 
-2.385598212282914 -8.314109635658037 
-3.3281309434920257 -8.648223464464166 
-3.1290397660684013 -7.668242493693777 
-4.07086143859705 -7.332129510970201 
-3.4189570140668417 -8.090430652521457 
-2.9161822835359934 -7.2260131779528125 
-2.1003484858534747 -6.647726731147323 
-2.9966461410088425 -6.204273787349461 
-3.059376099671322 -7.202304324099817 
-4.00648422496474 -6.881389695260326 
-3.901204671799901 -5.886947029398985 
-4.793250056298411 -5.435001200792386 
-4.183158489982098 -4.642670284628118 
-5.10776943102475 -4.261757423590031 
-4.778133137200656 -3.3176494245804284 
-4.1688796945012285 -4.110624986977465 
-4.9347481554369095 -3.4676277081776155 
-5.900618122243649 -3.726655133792644 
-6.871227260215196 -3.9673165168314037 
-7.461660451868856 -4.77440303399897 
-8.442601308966648 -4.968709582720962 
-9.42753686793435 -5.141631370477683 
-10.424459835194352 -5.063243888380644 
-9.729608664542706 -5.782397453792118 
-10.672004848830431 -5.447898676754091 
-10.7900692172308 -6.440904620801871 
-11.654848057626753 -6.943057542931605 
-11.695741829577717 -7.942221042773159 
-11.497964158763933 -8.922467946837372 
-11.189830239218434 -9.873810938415872 
-10.308952867338506 -10.347155480699726 
-11.052550436722072 -9.67852803973813 
-11.95717738504056 -10.10473231514604 
-12.86164615675065 -9.678192468236938 
-13.494105375586635 -10.452786127202318 
-12.698549797530376 -9.846905510064278 
-12.165014441602658 -9.001127747306777 
-11.501530894921231 -8.25293687374373 
-10.522469421281459 -8.049372066288424 
-10.941631509160395 -8.957283484921856 
-10.496724585334345 -8.061706671280703 
-10.85494502654547 -7.128069635008841 
-11.568542731313897 -6.427513915776435 
-11.39988232886577 -7.413188136118043 
-11.310470826449535 -8.409182906804954 
-10.354824256495382 -8.703698837333103 
-10.486355655985626 -9.695010842177258 
-10.861543112101794 -10.621959801275374 
-11.744504847678657 -10.152514838039966 
-10.970660196688142 -9.51913939161552 
-10.836958137673482 -10.510160965253167 
-10.192267085444474 -11.274604192167928 
-11.156860025747275 -11.538347361781847 
-10.762840006848856 -12.457449219416402 
-11.684636852076858 -12.84512250470661 
-12.574173013965138 -13.30198727320279 
-13.495505991262421 -12.913212859249755 
-12.507223728491292 -12.760575481481473 
-11.879810066774196 -13.539261616641683 
-12.573172263069772 -14.259850864929621 
-11.76034935892504 -13.677339983917323 
-12.698529777956182 -13.331193336748017 
-12.135129278918155 -12.50500941189611 
-11.166187629829427 -12.752298879244025 
-10.9493903380401 -13.728515522347806 
-11.642937717683015 -14.448926538497924 
-11.500193931593405 -13.459166864873662 
-11.42384238571607 -12.462085904548905 
-11.894399046601206 -13.344455684684553 
-12.420682069918534 -12.49414622374226 
-12.091765209297956 -11.54978734132546 
-13.045824998661393 -11.84940362646329 
-12.189038509709524 -12.365074948479098 
-11.221876387524798 -12.61923519204826 
-11.441286476650001 -13.594867916381586 
-10.75592191718091 -12.866667792360904 
-10.522497092592674 -11.89429294115076 
-9.917209639458132 -11.09828596939869 
-9.508184151067743 -10.185763010867232 
-9.255191841644791 -11.153231300462732 
-10.150346786919242 -11.598986417035379 
-10.074043756797359 -10.601901742800427 
-10.233842472618349 -11.589051361866332 
-11.042412127265367 -12.17745183228083 
-10.727259691191906 -13.126492896743777 
-9.76785067269243 -12.844474572477647 
-9.382726101017294 -13.767339169421339 
-8.730350311824372 -13.009443510590314 
-8.268731637429132 -13.8965219735515 
-9.238672224764702 -14.139863825765888 
-8.239359090113705 -14.176921333965984 
-8.018095876283143 -13.201707208655357 
-8.229367735095796 -14.179134546964372 
-9.226848586771306 -14.250070789751108 
-10.048310743196527 -13.679807757842829 
-9.536880188877264 -12.820483146238638 
-8.620683263750117 -12.419754816334748 
-9.321503057942946 -13.133093176488973 
-9.846550652361202 -13.984166042697034 
-10.703035962977179 -14.500337441264461 
-10.897202380787956 -15.481306045346432 
-9.957950781935121 -15.82453546432504 
-10.863628175813895 -15.400567944086811 
-11.226864442804297 -16.332265005552006 
-11.343652132579985 -15.339108101776548 
-10.82574410843525 -16.19454441064267 
-9.972446483519601 -15.673120242317772 
-10.45160424837269 -16.550849036639224 
-9.954700033968539 -17.418654430553893 
-10.177189792774248 -18.393589457736002 
-9.267661522163344 -18.80923152124683 
-10.243555295731083 -19.027477581261024 
-9.24963007361481 -18.917420083374157 
-8.546956002864105 -19.628931959799726 
-9.512998338498335 -19.370548125625913 
-9.272475050641674 -18.399904757545432 
-9.922783372890612 -17.64023437770048 
-9.06078551848177 -17.133322453403416 
-10.04807727495012 -17.29224063238128 
-10.802720687428991 -17.948375770902487 
-9.886596082402486 -17.547482134054718 
-10.736276300264516 -17.020183805426672 
-11.660550688720205 -16.638455034117957 
-12.448705943693783 -17.253931511375644 
-11.508448747091562 -17.594396493771384 
-12.00049572806221 -16.723827847128472 
-11.999143067344875 -15.7238287619744 
-11.192419297325587 -16.314757487698465 
-10.76882127835648 -15.408907214018841 
-9.780755111500138 -15.25487718475891 
-9.039718922201189 -15.926342274059383 
-8.054500437009878 -16.097644744670113 
-7.195675040663752 -15.585376320315342 
-6.195727319705067 -15.575151089289568 
-6.706189385283739 -14.715250816231608 
-7.183500265032163 -13.836516314761576 
-6.207662223511805 -13.618021196459791 
-5.768832413178992 -14.516591392695604 
-6.489947345375016 -15.209406847606884 
-5.504037363134407 -15.376683585135817 
-5.305061972066889 -14.396679098539185 
-4.8861943016966904 -13.488631811929812 
-3.98851722936314 -13.04797789579305 
-4.9824877456502605 -12.938330220250357 
-5.821579123341529 -12.394339724116307 
-6.042575001838261 -11.41906498247298 
-5.104177325599931 -11.073507749542598 
-6.044001088845915 -10.731848132323712 
-6.2895522780039705 -9.762464506764118 
-5.30053195135104 -9.614684963297064 
-4.329371088060312 -9.853110166688838 
-3.890541700955657 -10.751680569614148 
-2.9431951530727365 -11.071890685341796 
-1.9593618114517635 -10.892804237180831 
-2.441618297906038 -10.016774168477264 
-2.094426092102382 -10.954568160902674 
-1.9704496252059234 -11.946853319340445 
-2.465422620706434 -11.077944961845104 
-2.742035035389038 -10.11696339488169 
-3.601940877252331 -10.627416079397484 
-4.16782028081062 -9.802928056059052 
-3.395245729736325 -10.437852116898105 
-3.2478639215526584 -11.426931791452441 
-2.2484341467098616 -11.460697530859083 
-1.7642026172945788 -10.585757632397401 
-2.155229698638252 -11.50613680516037 
-2.8609989328347543 -12.214578608036007 
-2.628618399575655 -11.24195366091496 
-3.628607876062001 -11.237365969059097 
-3.2187825476638636 -10.325201948609179 
-3.5004837562811373 -9.365699770881807 
-2.551667476257216 -9.681528311013267 
-3.4692740149178514 -10.07901823567457 
-3.3477374207861055 -11.071605187173962 
-4.341379109487529 -10.9590165799591 
-5.101365880000431 -10.309078037752707 
-4.847889499169314 -11.276419613598984 
-5.799715803241661 -10.969781900856443 
-6.652351647903497 -11.492287514604081 
-7.1047682109293415 -12.384094250113453 
-7.934803400093287 -11.82638322749549 
-8.361126077859355 -10.921812072515205 
-7.877125490066448 -11.796879744764684 
-7.0069210500192165 -12.289570553002553 
-6.301840325246511 -11.580443504051523 
-5.3035100278800735 -11.63820696447627 
-5.841178528383353 -10.795050642335141 
-5.756425578747884 -9.79864864638768 
-6.391523770599845 -9.026217234088588 
-7.247178850476686 -9.543763738550705 
-7.912227722045599 -8.796963900290871 
-8.679673512990657 -9.438077741945156 
-7.682012304083739 -9.369724890926442 
-7.741550288875063 -8.371498850208715 
-7.078364204080695 -7.623044297857593 
-6.98304120006547 -6.627597903065029 
-6.4459325646392465 -5.784084824476095 
-5.463367545549941 -5.970004116810248 
-4.557046305306577 -5.547414706763416 
-3.872651227075811 -6.276526067869183 
-4.86883397540106 -6.363818289396377 
-5.827887178098658 -6.0805923117822465 
-4.865900394964193 -5.80749630471769 
-5.722978169784 -6.322683346392777 
-6.143791809495887 -7.229830457192582 
-5.210970431421082 -6.869491343847085 
-6.19082561500151 -6.669782007033393 
-6.950584323247254 -6.019576881519329 
-7.156312851750909 -5.040967780519487 
-8.13858507646856 -5.228427847062296 
-8.532933211171969 -4.309466722391647 
-8.283695361684474 -3.3410244193178666 
-7.534042638371696 -2.679193025056658 
-7.130390346803523 -1.7642805551931398 
-7.936829846109639 -2.3555971657825108 
-7.168608470493161 -1.715412881340971 
-6.809616707074759 -0.7820721537405165 
-7.234542427420917 -1.6873003747921467 
-6.786867556901151 -0.7931039700212982 
-6.2148488128415105 0.027136577894026348 
-5.546911040729776 -0.7170805494192412 
-4.720800333270498 -0.15357269763620585 
-3.723057977231403 -0.2207306529770009 
-4.708065261022859 -0.39324340867286045 
-4.450456678326838 0.573005947405242 
-3.6690175564111467 -0.05097554169490204 
-3.1843735763244148 0.8237359607821668 
-2.774721474140022 -0.08850586854594922 
-3.7742395879981734 -0.11954681037192391 
-2.7743455445686402 -0.10498995926533632 
-1.8485948719536862 -0.48312444877000993 
-0.930533807770017 -0.8795634509253843 
-1.9290365969084164 -0.9342642743454871 
-2.92660193006655 -0.8645261493269378 
-3.198381146078656 0.09783348082378951 
-3.9762127075450775 0.7263062821340043 
-4.191159766653532 -0.25031941985249717 
-5.068282145029766 -0.7305863595346057 
-4.105712440500428 -1.001620608149613 
-3.131078406047026 -1.2254252079349732 
-3.9444835422320548 -0.6437276194684108 
-4.60439272426826 0.10761775481980962 
-5.497860642530489 0.5567447736420589 
-4.701135785820472 -0.04759743297634622 
-5.552452578391034 0.4770545647205747 
-5.086285304432336 1.3617511639510207 
-6.08569441025088 1.3961232341095078 
-6.061740904497621 0.3964101604918179 
-5.077949524583757 0.5757269773472784 
-6.072750853579239 0.6775617249967061 
-5.257118537141226 0.0989911377889221 
-6.166783203030508 0.5143346048526785 
-7.082354988088258 0.11218002461497306 
-6.330191688595908 0.7711567851284082 
-6.323328096894846 1.7711332304054763 
-6.948937718023547 2.551269501803751 
-7.5214992853523 1.7314077746704244 
-7.427952477700413 2.7270226574329013 
-6.527773211251727 2.2915030961547584 
-6.6599551105799994 1.3002776195400931 
-5.951519788667867 0.594501879898064 
-6.909288934220892 0.30696359753095054 
-5.922808699277132 0.47084387720274046 
-5.724296053593461 1.4509422036494646 
-6.546983383270926 2.01943631759275 
-6.269993403432295 2.980309124507898 
-7.266016413445795 2.891212752395188 
-6.350022342730255 2.4900209498692965 
-6.57839092442543 3.4635956983578415 
-5.602089879340445 3.680012586252401 
-6.595803882397466 3.791961146441406 
-5.6060200130631035 3.9345370630805667 
-5.946442669597279 4.874809584703003 
-5.369744823529731 4.057852061730694 
-4.426291558769143 4.389357623090662 
-3.4309703595136622 4.48597910265205 
