0 0 
0.6469709352051833 0.7625146614982105 
1.4113499325932466 0.11774745672425535 
2.164485597487813 0.775612693884435 
1.2126501637331741 1.082222065967414 
0.5427505137911991 0.3397704116439697 
-0.19063135010740007 1.0195873294274391 
-0.758821313546042 1.8424847504026143 
-0.2708948458793206 0.9696000145123159 
-0.9183848421806218 1.7316739641325225 
-1.8738753902061884 1.4366522486033055 
-1.0930099334717245 2.0613514870203833 
-0.5085062478358324 2.8727425403837157 
-1.0580961872085088 2.037307983676646 
-0.1383105702027555 2.4297292098473844 
-0.8666186356020671 1.7444793562360816 
-0.045511866660191025 2.3152539825097387 
-0.864795937559672 2.888641819118063 
-1.1598055660581466 1.9331475391282809 
-1.7832359633096484 2.715026391497901 
-2.717879596080803 3.070612217593851 
-1.7290036016411823 3.2193545035150084 
-2.614751633066421 2.7551881272808894 
-3.5485721333820477 2.3974462186508365 
-2.8293941379011835 1.702620333398908 
-1.84887063089433 1.5062185711690832 
-2.8155397870228818 1.7622473636704599 
-3.2215819868325246 0.8483930361249008 
-3.7183002804011562 1.7163048616200178 
-3.7292719260759384 0.7163650519358614 
-3.7807008843446996 -0.2823116035695079 
-4.657394955596347 0.1987367364465576 
-5.297767682182434 -0.5693275649271621 
-4.931776882462303 0.36129090389892915 
-3.977808686527024 0.6611986916337398 
-3.815089603100049 1.647871129623514 
-4.710094400763357 2.0939276419172588 
-5.69272497145708 2.2795001655788427 
-5.819003985644108 3.2714949289601583 
-5.444145765986404 2.3444127777162374 
-5.539047633606774 1.348926145198168 
-4.555039806517293 1.1708009189481006 
-3.5550844719196473 1.180252310893759 
-4.468044483564855 1.588301348555634 
-3.9886338182204346 2.465892035581209 
-3.3730675771970278 1.6778068860495656 
-4.01318102323109 2.446087288120579 
-3.0587358692719704 2.7444736954583666 
-2.546698835575615 1.8855103224770517 
-3.5466473535982628 1.8753633374908283 
-3.2470624796858716 0.921293684203975 
-3.9316674560517333 0.19237940506334905 
-3.838781476635243 1.188056157241404 
-2.863952471190357 1.4110099868638937 
-3.3908082756845035 0.561055304971485 
-3.900052560661049 -0.2995667132332124 
-4.494232744371945 -1.1038986778381796 
-5.092283494093475 -1.9053569117827291 
-5.253582090339157 -0.9184512613534835 
-4.468772314899609 -0.29871452985007674 
-5.467946143614421 -0.25807390963601257 
-4.730942511089357 -0.9339626916444581 
-4.125268888858402 -1.7296758707068856 
-5.070800166879673 -1.4041446090998584 
-6.000951203881003 -1.7713217439616993 
-5.494642981739375 -0.9089691570276868 
-6.112496338504893 -0.12267580875772843 
-5.644455162042219 0.7610308490962432 
-5.482698049333809 -0.22579975262232865 
-4.607618401947557 0.2581791836242319 
-4.7093218310183795 1.2529939465400404 
-3.742221158050884 0.9985999836678493 
-3.3597548644492043 1.922569428107758 
-2.612740496203102 1.2577615358306913 
-3.140133982991724 0.40814037902435385 
-2.46490317728885 -0.32946612788149465 
-3.3420286468290668 -0.8097274220577525 
-3.164709664998661 -1.7938808545481484 
-2.827721617607991 -2.7353897795806326 
-2.336238005227119 -3.606276602744842 
-3.087253320651322 -4.266561386757229 
-3.632753181360182 -3.4284504740692876 
-3.8665785264388037 -2.4561718576229197 
-4.835189640721476 -2.2075908662175396 
-5.335533259056921 -1.3417639414854692 
-5.632517884529824 -2.2966462024122913 
-4.827744455928312 -2.8902283185655393 
-4.50008684181043 -1.945431786019734 
-5.459802939719561 -1.664460236901195 
-6.420858909303136 -1.9408140379023289 
-6.789924153362368 -2.8702175270433474 
-5.961381759207267 -3.4301438624551883 
-5.246614866444964 -4.129506635993302 
-5.172312068866972 -3.1322709094611625 
-5.308998571552628 -4.1228852642852605 
-4.393516266271961 -3.7205270299741002 
-3.4909400577893273 -3.2899969057306118 
-2.5490098860154475 -3.6258057077326282 
-2.554599676607655 -2.6258213307341 
-1.8302364546277814 -1.9364027912075388 
-2.0673450941970826 -2.9078859321017054 
-1.2934342045058065 -3.541180440855143 
-2.2793513981956433 -3.373946212340891 
-1.9643566472735698 -2.424852799187296 
-2.920165594084784 -2.7188413316092896 
-3.9036404634756847 -2.537796637468449 
-2.9344887029255693 -2.784261371299908 
-3.917408341955491 -2.600226094221604 
-4.847387878632992 -2.967837385344581 
-5.198733677819662 -3.904083148696213 
-6.087215143003004 -3.4451706450251307 
-6.21120911043302 -2.4528876732670923 
-7.199456268986565 -2.605752167545013 
-7.78598593907198 -1.7958244262560175 
-8.535700386070282 -1.1340629526403112 
-9.116788288925257 -0.32022215177345426 
-8.955556750836802 -1.3071387597630204 
-8.975459714469622 -0.3073368433622612 
-8.038186096677876 -0.6559314006800308 
-8.99485267656473 -0.9471170028783407 
-9.814847467060751 -1.5194879870829792 
-9.987320631275619 -0.5344737701166903 
-10.047477265404718 -1.5326627198502853 
-9.590850467664053 -0.6430043766729134 
-10.037079096691986 -1.5379233733624744 
-9.037864622137372 -1.4982946736544889 
-8.134956891743753 -1.0684602515854267 
-7.865058359523995 -0.10557148214961076 
-8.683450129691286 0.4690892094958582 
-8.456192746927012 -0.5047455208250174 
-7.456461367378708 -0.527922421964826 
-8.2062143074164 -1.1896402839761495 
-7.247161341420191 -1.4728670631017748 
-8.24408858616259 -1.5512001256636836 
-9.114856404775859 -1.0595057021977572 
-9.802919424233728 -1.7851566384298545 
-10.637496737890107 -1.2342658075657866 
-11.637279204150243 -1.2134086706864886 
-11.216547289169267 -2.1205936880431695 
-10.242704753751354 -1.8933697539807304 
-9.962721692799924 -2.853374694374408 
-10.929502239740986 -3.1089825464766903 
-10.428688334371154 -2.2434275614016705 
-11.39354479542225 -2.5062050520053307 
-11.685394045528083 -3.462669382345288 
-10.693068817337188 -3.3390140488740245 
-11.521674835651506 -3.898846225881824 
-10.80935243166973 -4.600698626879088 
-11.490621849069758 -5.332731399994763 
-10.726376042721691 -5.977656471207997 
-11.514563874020663 -5.362221712202442 
-10.515186810374539 -5.326930287492584 
-10.1544891457777 -4.394247493208061 
-9.902688643397221 -5.362026655517799 
-9.250028771801226 -6.119677691291063 
-10.058340229104406 -6.708432808459831 
-10.364042168930299 -7.660560070955074 
-11.074577518414033 -8.364221578452838 
-10.73802005971358 -9.305884510182176 
-10.246854495931773 -10.176950747017756 
-9.51331255635795 -9.497306558573335 
-9.45518358166017 -10.495615640121022 
-10.231770000513421 -9.865604898900935 
-9.376766513965917 -9.34698264909708 
-8.485874420519309 -8.892767636317537 
-7.486804240843913 -8.849654110790482 
-8.320433912905335 -8.297330320013037 
-9.165885239524624 -8.83138280275016 
-9.95146754516902 -9.45013997730124 
-10.48227018707199 -10.29763543767187 
-11.47751198104632 -10.20019945085612 
-10.477957107418533 -10.230033233836807 
-10.936992405912624 -9.341615204564302 
-11.595389329059582 -8.58894429932708 
-10.971342051537322 -7.807557714199683 
-11.385874134686869 -6.897523015938294 
-11.401784913159048 -5.8976496003859005 
-10.825780049718851 -5.08020333469424 
-10.962506293736379 -4.089594464253006 
-11.9223560610483 -4.370109034625474 
-12.32976790300802 -3.456864493973307 
-13.229059077704175 -3.8942149062443034 
-14.0331840817053 -3.299754665403766 
-14.203001658831992 -2.3142791504878346 
-15.09059683620648 -2.7749035105704865 
-14.58207933827905 -3.6359551665712315 
-15.568939394761845 -3.4743778509642045 
-14.621368064753131 -3.7939221742520974 
-13.635075390106294 -3.6289168411928583 
-13.244101662644512 -4.549318679758297 
-12.279432972060349 -4.2858527096471 
-12.575382829141937 -3.33064923284575 
-11.6807235633462 -2.883900088329688 
-12.643485530541241 -3.154250591422869 
-12.11820249124753 -4.005178160978799 
-11.314038409386104 -3.410770784305218 
-10.718591651939946 -2.607376012697351 
-10.24547407306819 -3.4883753070004326 
-9.35129198455421 -3.936078772009112 
-8.734024630559974 -3.1493253076424432 
-9.729903193932202 -3.2400219835223507 
-10.709548913975294 -3.4407562934976346 
-11.373167466930935 -4.188827423921113 
-10.736790172578356 -3.417449475550477 
-10.261587382999346 -2.537573172439451 
-11.139654015768349 -2.059034784828063 
-11.67167513397411 -2.9057658695197093 
-12.667591584013236 -2.8154861678062857 
-13.602570887662404 -2.460783895826368 
-13.495567496765606 -3.4550425514771934 
-14.400763847812486 -3.030048944405965 
-15.364640367498591 -2.7636994469448264 
-14.616530704749584 -3.4272745613829483 
-15.590574981411603 -3.6536321260941 
-16.499849219222664 -4.069829627832297 
-16.84687452666364 -3.131973862804702 
-16.60280665948879 -2.162215709339251 
-16.36659964720691 -1.1905129526544367 
-17.062149326411422 -0.4720349475919966 
-16.543423630390432 -1.326975677869564 
-16.870483013607892 -0.38197188959704376 
-16.7826220515965 0.6141608582606066 
-17.73452493070022 0.9205607746346998 
-18.725403119579617 1.055321357904013 
-17.735248740006725 1.195301015756929 
-17.286212521192386 0.30178746007189017 
-16.56560597562638 -0.39155675926467237 
-16.9497395191243 -1.3148343019135393 
-17.354474304083126 -0.4004001851810478 
-16.6347035139864 0.2938116050699777 
-15.828415096585806 -0.2977109963288599 
-15.780885127227593 -1.2965808086731951 
-16.548056654389164 -0.6551388020096299 
-16.175240896390044 0.27276658680301313 
-16.36194969320083 -0.7096487149881734 
-17.081598339070222 -1.4039871241939075 
-17.794344202041334 -2.1054094896895954 
-18.7926346534262 -2.046961438620341 
-17.851846488747974 -1.7079664103361902 
-17.995670874301837 -2.6975696369477724 
-17.12202081789025 -3.1841244426295443 
-18.017837417744012 -3.628548361232544 
-18.624710743691953 -2.833749791623311 
-17.63278465731021 -2.9605671372642064 
-17.725143072483267 -3.9562929645614204 
-18.498183143740302 -3.3219357716244167 
-18.290925863749475 -4.300222242905097 
-17.47904327927101 -3.7164014921428716 
-18.405911078387362 -4.091789402125617 
-18.114018700140335 -3.135338232686583 
-17.864126520411485 -4.103611901909476 
-17.164984930216985 -4.818595144272755 
-16.227774090651 -5.167358448248416 
-17.218021500119068 -5.028038428000864 
-17.447730279370457 -4.054779019243447 
-16.734572581542775 -4.755782655488739 
-17.556908767458097 -5.324784586359137 
-18.30709388267058 -5.986012453976374 
-19.158602867722415 -6.510352466159302 
-20.071048208269076 -6.10115385849465 
-19.77054979168318 -7.054936172038662 
-19.197883086915454 -7.874724464984148 
-18.903005872180096 -6.919189312187602 
-17.968375727653005 -7.274810589589933 
-18.921032284214863 -7.5788590811824825 
-19.889039481905566 -7.327936652493872 
-19.86523550370247 -6.3282200073279995 
-20.44121500702246 -5.510755872484608 
-21.04871671161651 -4.716437498710386 
-20.409196337314206 -3.9476633505678755 
-21.326640699352097 -4.345527451191303 
-22.32463207804025 -4.28217756512887 
-21.337397691492843 -4.122903380094494 
-22.14367296473195 -3.5313628626629314 
-21.311426781534873 -4.085769113127241 
-21.3661064435754 -5.084273061321305 
-22.160877480140414 -5.691182444538745 
-21.332298802022443 -6.251055085563715 
-22.327716818241452 -6.346673980070031 
-21.3337348484424 -6.4562177782258265 
-21.284217727489693 -7.454991053164917 
-21.682073451392647 -6.537543058476577 
-22.042191949488288 -5.604636489023162 
-21.042494508292837 -5.580039211383859 
-21.64050574006289 -4.778551490531653 
-20.654320162550995 -4.944195707779149 
-19.9416593536007 -4.242686925662839 
-18.991896102060352 -4.555656198952581 
-19.21023222207003 -5.531529827399993 
-19.05014682936522 -4.544426657998462 
-19.834132983269456 -3.92364834774073 
-19.33657586859752 -3.056217129926119 
-18.89335783097967 -2.1598032907144624 
-18.122482609487 -1.522817111202984 
-19.090887806135527 -1.7721990975294446 
-20.04896555651035 -1.4856907656493443 
-19.23071173597266 -0.9108336658623872 
-18.298154381818986 -0.5498118088870793 
-17.30012063567072 -0.4871329324672088 
-16.307625981605867 -0.3648449050373521 
-15.377377279228043 -0.7317745327922878 
-15.57267319558669 -1.7125188955360335 
-15.543694751977569 -2.712098932254451 
-15.733267109055522 -3.693965685654274 
-16.630993783508693 -3.2534128307375796 
-15.642122025517734 -3.4021832789047837 
-14.96758846665592 -4.14042746477367 
-15.936053051425004 -4.3895787201348355 
-15.07086160457431 -4.891020401984681 
-15.73825599532987 -4.146315945714938 
-15.874561472781371 -5.1369828003218325 
-15.453492525425885 -4.229954167051117 
-16.422500573622933 -4.476983320248356 
-15.439188299317248 -4.658909050148724 
-14.682353211061164 -5.3125149323012675 
-15.64075523795042 -5.59793664635709 
-16.639185406746535 -5.541925950612777 
-17.577036069106605 -5.194886853232126 
-18.013420801089893 -6.094647024439918 
-17.750296429166298 -5.129885103083248 
-18.525291961983854 -5.761851814321139 
-19.329726034128615 -5.167809876767404 
-18.684258640924423 -5.931597703529643 
-18.83770705090646 -4.943441043139204 
-17.896090259752768 -4.606754514425293 
-18.21149385780606 -5.555712137470198 
-19.211488898056157 -5.55256261763195 
-18.981896834798686 -4.579275668942522 
-19.298426302466982 -5.527858346466007 
-20.179484131106072 -5.054849781433858 
-20.235585907248016 -6.0532748365650475 
-19.56722400796087 -6.797111089769529 
-18.79442971193311 -7.431767670943123 
-18.507861260923086 -8.389827440939607 
-17.58501009994674 -8.0046706745644 
-16.595906275102266 -8.15189031889908 
-16.226427698624217 -9.081129567706272 
-17.078947069090656 -8.558433936406844 
-16.31545164410151 -7.912620700230435 
-15.58829002779768 -7.226154398235647 
-16.586371926565242 -7.164247021029571 
-16.692391828808983 -6.169883013068588 
-16.468209103474145 -5.195335884571744 
-15.525192367230602 -4.86259058383171 
-15.736940411185193 -5.839914872837874 
-16.105796038234416 -6.769401573331283 
-15.116407983762356 -6.91469877794304 
-14.589970062464339 -6.064485207703525 
-13.653916781242305 -6.416343495531829 
-12.766177831162114 -5.955996282538723 
-11.850254253308668 -5.554643570411171 
-11.562970865897183 -6.512489202711796 
-12.041835451962347 -5.634600423758199 
-11.57586290907668 -6.51939960395485 
-10.789112704207533 -7.1366711124001645 
-9.976079949511282 -7.718889061102391 
-9.867693819454905 -8.712997931805898 
-8.877024993781818 -8.57670678081103 
-7.955073576921649 -8.964012325503495 
-7.8062350133167 -7.975150817513617 
-6.806552327105372 -8.000340634688515 
-7.328894742937819 -7.147604801840895 
-7.811809528881806 -8.023272152789115 
-8.77087237010269 -7.740078814962599 
-8.098440858746738 -6.999919465541444 
-7.101868704507778 -7.08264758286269 
-6.104285752446736 -7.152133219919396 
-6.078427987129213 -6.1524675878339545 
-6.85704736100216 -6.779964098286164 
-5.9615854956616205 -6.334825863890553 
-5.229299477790338 -5.6538286626993735 
-4.493258985145129 -4.976891152151614 
-5.270859033956199 -5.60565037799965 
-6.17630047192711 -5.181179174730017 
-5.18690512621908 -5.03593162779277 
-5.272475769331264 -6.032263733587503 
-4.739551886540131 -5.186100548882081 
-5.354800474651082 -4.397767386553182 
-5.828614113454758 -5.278392525692203 
-6.806183504744857 -5.489006117876339 
-6.027138109463163 -6.115973638638291 
-5.378143524392399 -6.876766664729374 
-4.713738423180834 -6.129394025757321 
-3.936234967425308 -5.500515359965409 
-4.2241768288022925 -6.4581632516598235 
-4.01689516969853 -5.479881945593316 
-3.7910777217324516 -4.505712309341966 
-3.4238103640970534 -5.435827725844409 
-3.3304193080572366 -6.431457230555759 
-3.111757666933428 -5.455656489266308 
-3.859079734522566 -6.120118472598911 
-4.154466412977765 -7.07549625661485 
-3.698294572987315 -6.185604548371803 
-4.662057941854329 -6.4523631824028405 
-3.688212233969761 -6.679573519392171 
-4.380287729062979 -5.957748395770474 
-4.122681668617567 -6.923998424294041 
-4.070546055652899 -5.925358410144399 
-3.3365448939461047 -6.604506622696766 
-3.3590086359774824 -7.604254281005575 
-2.485308687208145 -8.090719489957312 
-2.3534738653275515 -9.081991188201396 
-3.3489947133515185 -9.176533459961925 
-3.9434956361896965 -8.372438532267095 
-4.810391306000554 -7.873948915862516 
-4.261815381759747 -8.710049660595676 
-4.243808282132597 -9.709887519632339 
-4.500413924314732 -8.743371330217855 
-5.073019519422026 -9.563202308195525 
-4.241906669320604 -10.119306102820495 
-3.381010947304387 -9.610524660731482 
-4.376164151224799 -9.512187990425135 
-3.738527944724529 -10.282525622999284 
-3.2583607483979438 -9.405348637681119 
-3.5221311864731226 -8.440763153653068 
-3.586703484703026 -7.442850122221316 
-2.9858137363326467 -6.643518207242699 
-3.1331078741310168 -7.632610941504878 
-4.133095606126651 -7.6276575731330265 
-3.3627125248305396 -6.990076277882994 
-2.7698036599464384 -7.795345846376581 
-2.008600007451357 -7.146832932528177 
-2.041853022157143 -6.147385966945222 
-1.168065688869679 -5.661077735278944 
-1.9670073074302077 -5.05966914693664 
-1.4180863299954998 -4.2237948977028665 
-1.3127244868848729 -3.229360947147913 
-2.2443105397022 -2.8658400726493056 
-2.2757011830774307 -1.8663328803247636 
-2.4290432550011265 -0.8781597128191143 
-3.2840602258526097 -0.35955969396455034 
-3.1043814887105645 -1.3432850374517658 
-2.1394730237082444 -1.0806985675663845 
-3.09620511021504 -0.7897282689990681 
-3.51965045833243 0.11619338167373838 
-4.455158928134365 -0.23711088228134458 
-5.006491111468189 -1.0713966987857118 
-5.583135873856363 -0.2544017061387024 
-4.934993302797885 -1.0159207194152629 
-4.709048110010226 -0.04178070388559185 
-4.841334412571403 0.9494308447530895 
-5.536981007739437 1.6678150140045571 
-6.35912867559016 1.0985407284026014 
-7.080555368703961 1.7910315416722686 
-6.309113655740711 2.427331536564871 
-5.831951399176961 3.30614675087957 
-5.526427326292039 4.258331103244073 
-4.706251902295244 3.6862189867217277 
-5.1903641357038826 4.561224898395529 
-4.553892867159409 5.332525309595593 
-3.57118322322828 5.517678639905236 
-4.276250686449193 6.226818874490206 
-4.591681044798855 5.277870146143198 
-3.600363091347149 5.409356705016425 
-4.464055371757876 4.905337216545077 
-5.34942335295341 5.370228104683083 
-4.893323323684664 6.260156620520759 
-5.575564971987855 5.529029864533436 
-5.717413428715009 6.5189182498194365 
-4.759393272467099 6.805619104758394 
-4.153333361406618 7.601038103906241 
-3.2337969999730145 7.99404304026385 
-2.4029773596564787 8.550584795448762 
-1.5342120637346222 9.045808846360881 
-1.204016793810219 9.989721492594393 
-1.2513157629154703 8.990840715163182 
-2.1404659720778882 8.533225259189035 
-1.370499558412131 9.171309675098632 
-0.37863790358785654 9.043989379429592 
0.28886095691141356 8.299378560791979 
0.8648277743749242 9.116851633853688 
1.8481999993847738 9.298453029991432 
2.0633863477030103 8.321880024273241 
2.104393991600525 9.32103885706309 
2.1653033311320735 8.322895554546948 
1.1816055231974043 8.502724981128159 
0.4225284622622346 9.153725761129246 
1.000466475222209 8.337645095278207 
1.7372310091438543 9.013794502994594 
0.7864084570852968 8.704058366102478 
1.7372095748205458 8.394256438230165 
1.4395399611410697 9.348925386657793 
0.5374834712583851 9.780543376390067 
0.3132500058205743 8.806007921428192 
0.3945808081213711 7.809320758574617 
1.092266693653599 7.09291695824333 
0.8306148892702389 8.058079293429971 
0.5275601853264058 9.011052454866071 
-0.16696011877158712 9.730525558738364 
0.04774480803930628 10.707204520528332 
-0.9302877081880634 10.498752134593415 
-0.13558111447492283 11.105745898901466 
-1.1057855519193631 10.863458157645088 
-0.9425805382551915 9.876865980747827 
-1.9412124915930433 9.929155767251757 
-2.014558985846668 10.92646228572073 
-1.0232537021358554 10.794880241022277 
-1.9155029819204905 11.246423398122237 
-2.7389248353444504 11.813853086545262 
-3.737127621611932 11.873779687381925 
-3.8090799962776662 12.871187756218326 
-4.35539739177951 12.033609519053533 
-4.746917136784876 11.113439812276063 
-3.7794887705321734 11.366584743431375 
-3.323525146145527 10.476586331502347 
-4.2195844022061655 10.920520796967752 
-4.720641232803066 10.055106415002564 
-4.419583387971809 11.008712294842637 
-4.419007745118912 10.008712460524997 
-4.21730960078371 9.029264729111148 
-3.407884201854858 9.616487449694121 
-4.4078186379341595 9.627938368555501 
-5.035004864659561 10.406807700989352 
-4.818109149808005 11.383002481183874 
-5.816029941551574 11.447454737978248 
-4.980595221519433 11.997044429079544 
-4.900931249140275 11.000222653883611 
-5.4821540301090055 11.813967133977316 
-6.31176820392498 12.372304238783757 
-5.395222863151618 11.972373446887657 
-6.244933011059576 12.499623543656009 
-7.028938226414196 13.120377780288152 
-7.398667619514675 14.049517261678083 
-6.52360173996119 14.53352109063121 
-7.463234515616429 14.191336568897055 
-7.039952156300366 15.09733438583252 
-7.379738344945091 14.156831676635841 
-8.29246422963334 13.748259211312917 
-9.22982773437752 13.399906430394335 
-8.261507968737636 13.649619929170667 
-8.381549695644912 14.6423887762852 
-9.339411752897112 14.355160157800578 
-9.193528657642537 15.344461993702515 
-9.669686920006091 16.223821595448534 
-8.71204967137307 16.511798851547994 
-7.87974869180065 17.066122835696966 
-8.878172368420007 17.009996532007115 
-9.05332181863388 17.994538389974455 
-8.400016050795466 17.237444225613732 
-8.822069954053903 18.144014963473893 
-8.736765183334933 19.140369868160263 
-8.569124974119022 18.154521624131778 
-9.56742393235409 18.096219051403153 
-10.567033665414588 18.06828374093912 
-10.013476065826936 18.901094634202863 
-10.923235675320182 18.485959170848194 
-9.930359386044856 18.60510896814076 
-8.930590064421033 18.626586946161012 
-8.636242854240134 19.58228549688646 
-9.550472515811668 19.177089092777543 
-9.968282718598088 20.08562342589191 
-10.913431633899826 20.412263178377653 
-11.373358488625081 21.300219983803757 
-10.398822733729206 21.524452145701925 
-9.705517136655917 20.803808441041397 
-9.62472668740448 21.800539549871534 
-10.427473542355624 21.204219596435422 
-9.806921546311129 21.988384898017426 
-9.183292618967004 21.206664384675467 
-8.190311778887475 21.324939704311277 
-8.132237674506781 20.326627429318936 
-8.085599293390214 19.32771559066308 
-8.288452465157775 20.306924756625 
-8.455621086345058 19.320996436669468 
-7.459289045098211 19.406567831334335 
-7.83887875985609 18.481412899201327 
-6.930867505151557 18.062467125466945 
-7.404825129319739 17.18191947173499 
-7.787079892941339 18.105976448164796 
-7.844232012890436 17.10761096639706 
-6.849653836859449 17.21160256107122 
-7.8146734408898215 16.949424827773626 
-7.835003503051965 15.94963150484509 
-7.788682255464941 14.950704909933341 
-6.961047690803398 14.38943756955311 
-5.984903347978687 14.606560166192224 
-6.966760117575453 14.796184225839205 
-6.56713890583767 13.879503863264974 
-5.882125737406844 13.150973178203348 
-6.008227889064544 14.142990439820956 
-5.050508792626041 14.43069537950225 
-5.187583239677348 13.4401346312563 
-5.550074891245747 14.37212164969766 
-6.310951883192037 13.72322550767895 
-6.875458460346046 12.897796937571357 
-7.593718132046628 12.202021798601464 
-6.596320834204998 12.129920271168164 
-7.240251172917521 11.364836145803132 
-6.253152285603408 11.204724351536624 
-6.657019536831813 10.289906750380409 
-7.390681210553501 10.96942168657526 
-6.730233139427252 10.218549962946238 
-6.959012018951959 9.245071548042539 
-6.3441031409867925 8.45647337926479 
-6.664101139333221 9.403891597927634 
-7.438541222747947 10.036538859204084 
-8.19859400353544 9.38667751213288 
-9.188605471316686 9.527664368476383 
-9.53735688693721 10.464879631957874 
-10.091600470440534 11.297234153868697 
-9.99636725601069 12.292689142740297 
-10.105139107639472 11.298622402378642 
-10.96978998369711 10.796249172067991 
-11.966438021036897 10.714440311504163 
-11.97217057293512 11.714423880293538 
-12.585197604312508 12.504485813815604 
-11.885079577866268 13.218512948485584 
-12.274024197971764 12.297251811515729 
-11.528853952895368 12.964126091911055 
-11.225291947457398 12.011314405975961 
-10.44407578360002 12.635575012876606 
-11.065398456299379 13.419129820397895 
-12.001522824030705 13.067460702988324 
-11.145777567219627 12.550063316596257 
-10.822082904892973 13.496224912509572 
-10.501240120185729 12.549092446852681 
-11.482932535667844 12.739565545701023 
-10.816100478927835 13.484773575786507 
-11.812388835683882 13.398695063994436 
-12.182999609455532 12.4699067919085 
-11.949977578958709 13.442378248200733 
-11.572305370965918 12.516438885547945 
-12.392163233180737 11.943871784009142 
-12.003715738987406 11.022400924863328 
-11.834441869265689 12.007969977253588 
-12.711226472868857 12.488853288343124 
-12.51755512224279 11.507786823751314 
-13.052124512809192 12.352911410229227 
-12.065501555881674 12.515930246145826 
-12.478167323793878 13.426812765460712 
-12.024007042301621 14.317732761147683 
-12.308701908916996 13.359114571813237 
-13.303033569423702 13.252791719547247 
-12.372339001803116 12.886994478166821 
-12.904123832137044 12.040114974207306 
-12.922429732180849 11.040282541234868 
-12.017818595409341 11.466520375347423 
-11.018312480517997 11.497945306450127 
-12.010788899445084 11.375509372698371 
-11.04903512838804 11.101593904245869 
-10.553565221535228 10.232968800185857 
-10.211295134527305 11.17257041126344 
-9.371883049924424 10.62907491705705 
-9.879275217204246 11.490790176631283 
-10.47136362517329 10.684917161107942 
-10.548685296997437 9.687910962999666 
-11.048128125430324 8.821564114949211 
-10.049932747844172 8.881613995595545 
-10.42874672523009 7.9561411593993325 
-9.551968680783677 7.475245889328266 
-9.784464328311332 6.502648452625548 
-8.975460605179405 7.090451970783343 
-9.956009841560121 7.286725237004686 
-9.408801060379696 6.449729090180202 
-8.41068139025034 6.388433706170749 
-9.396893332277255 6.222946530221969 
-8.504779136723148 6.674756514718601 
-9.19955386042958 5.955529093593231 
-9.180191512917679 4.955716561415909 
-9.903037243799034 4.264707119116746 
-10.85580288583452 3.9610006302879626 
-10.520962425019443 3.0187257946900106 
-9.594857056495192 2.6414608395317547 
-9.007360514848989 1.8322341632822925 
-8.697809912749534 2.783117134388551 
-7.895587522816443 3.3801424580474726 
-8.459393578292707 2.554235240614245 
-9.433488873574117 2.780373153646589 
-8.486280346338406 3.1009913158457327 
-8.785719645785653 4.055106668382596 
-9.367135464211056 4.8687132355172995 
-9.373578638730919 5.868692478052917 
-10.083877405838594 5.164792157378662 
-9.513638311509318 5.986270930871032 
-10.20734579769629 5.26601408528874 
-9.735872503141728 6.147894424406167 
-9.041694077194355 5.428091456261948 
-9.2684985510859 6.402031767894432 
-10.199320035027554 6.036557603236167 
-11.15568563585087 5.744384987199245 
-10.303807591068166 5.2206447874654485 
-9.307664848064757 5.132897220196348 
-10.154315740149325 5.665045946524247 
-9.988763185770756 6.651246915768716 
-10.902427017418065 6.244776249250753 
-10.046157987675977 5.728246144896182 
-10.992015341524022 5.40366354189415 
-9.998025560124182 5.294190648113558 
-9.338157910216758 4.542808798049522 
-10.150596147712443 5.125856060503351 
-10.196712395830538 6.124792140370081 
-10.495506694108414 7.0791096804565194 
-9.989670567513182 6.216480088435047 
-9.085296510245398 5.789739459315896 
-9.536030332063225 6.682397860872446 
-8.580461371847843 6.38763021971607 
-9.562470910270624 6.576461537157524 
-9.504826947227087 7.574798741475101 
-9.964318575125217 6.686616640838342 
-10.125747680711934 5.69973232954878 
-10.751806127613737 6.479508464771513 
-11.751001361081466 6.439397550853094 
-11.028512791779924 7.1307804167303255 
-10.130143205836685 6.691540064471826 
-11.071350485974058 7.029369689899213 
-10.074246852455532 6.95331481481448 
-11.07404097254622 6.973605636189891 
-11.348247961404153 7.935276332042408 
-11.517907344385042 8.920779093969813 
-12.449002851094583 8.556003604955949 
-13.354044684947263 8.98132616369999 
-13.286146686744875 7.983633895593181 
-13.779015225703706 8.853737684404946 
-12.77994119256148 8.810713548144863 
-12.86096141572936 9.80742600589676 
-12.750968062734334 8.813493683101635 
-12.417046714107466 9.756094623548446 
-13.331500823193677 9.351405011159713 
-13.335251385280472 10.351397977776996 
-12.339077546663688 10.438791817694362 
-12.283337214766696 9.440346518541718 
-11.284786107654112 9.494158101720727 
-10.287126970892164 9.425775012909206 
-9.941147171241814 10.364016974363661 
-9.837050979664411 11.358584208339867 
-10.828913837941949 11.23127328826812 
-11.391506039767767 12.058007837228534 
-10.817428157636247 12.876808536573245 
-9.869615277711034 13.195635675706466 
-9.282333853384925 12.386252868475243 
-9.310092400669134 11.386638211193413 
-9.459029303376228 12.375484912665394 
-10.046683011992382 13.184597462777974 
-10.622737530196991 12.367186188047771 
-9.624361884365406 12.31021189726353 
-8.84786665801963 12.940335030835232 
-7.875104411948678 13.172140148593657 
-8.695158543558184 12.599854187530328 
-7.706944080166234 12.446778473117625 
-7.507284715150795 11.466913105854534 
-6.760574064024218 12.132062114343702 
-7.646073781717799 12.596702028647874 
-7.982521652464741 11.654999936545574 
-7.039286573494525 11.987125794918647 
-6.0848655628112835 12.285589418106431 
-5.217618504212143 11.787711381483867 
-4.81779260886138 10.871120276679243 
-4.921949271204571 9.876559373722804 
-5.440830038325045 9.021712750337961 
-5.174367149663255 9.98555792927803 
-4.177136798492863 10.05993283569529 
-4.523569142176546 10.998007796052846 
-5.522431234931197 11.045699720503421 
-5.055205338035502 10.161561744127555 
-5.025156886917363 11.161110187468548 
-5.926146630753659 11.59495057459474 
-5.0232103857871575 12.024725093995082 
-4.0300564159541565 12.141537731175102 
-3.089837905944811 11.800965927533335 
-2.2101530632927786 11.32540880414197 
-2.180102942693413 10.32586041099036 
-3.0953051655394326 9.92286550866813 
-3.9514264815853046 10.439640403774195 
-4.328300311369739 11.365905007666417 
-4.990183819182081 10.61629829605957 
-5.885871604353603 11.06098176943646 
-4.899683091383106 10.895355029792643 
-4.214822879633941 11.62402950468722 
-4.632484057671939 10.715426653954342 
-4.902670119476661 11.678234782298954 
-4.842625872840975 10.680039065795446 
-5.7182466580843165 11.163038279510989 
-4.998742513489849 11.857526426214289 
-4.982351874113623 12.857392090661687 
-4.031790866215454 13.167929963172622 
-3.0320340562709776 13.189982649395482 
-3.7099521881667075 12.45484524288769 
-3.2577112287018584 11.56294944483597 
-4.155339479526892 11.12219608600499 
-4.0600457762951105 10.126746885832338 
-5.0592955357340745 10.165475664036315 
-4.258855756965775 10.764888844209521 
-4.357028764857024 9.769719481476933 
-3.357168515161835 9.75300179385348 
-3.821573908000239 10.638624530182335 
-4.237947991597363 9.729431139033535 
-5.106207917094567 10.22554070533476 
-5.245546564658087 11.215785493907347 
-6.174630679839885 11.585653993399877 
-7.0911619668122325 11.985616991689486 
-6.1342104925820795 12.275864947700786 
-5.947835020903685 13.258343539608342 
-6.688696131092223 13.930001797512023 
-7.377221662096063 13.204789695326822 
-6.8151435717198465 14.031873862941596 
-6.428239009210392 14.95399362713135 
-5.588216661947734 14.41144182674789 
-6.433670924307034 13.877393991569718 
-6.567035630438813 14.868461020159806 
-6.926744506993305 15.801525607489056 
-6.269820077220455 15.047569180652854 
-6.099399961968898 16.03294067624101 
-6.147737424595884 15.034109614596058 
-7.1470215419396315 14.99627771239002 
-6.931948413958583 14.019679765627664 
-6.083000053302116 14.548155574855198 
-6.455712810332336 13.620208808738234 
-7.27920489271734 14.187536571366865 
-6.483094984752605 14.79268863030774 
-6.7454932164961185 15.757648301992457 
-6.346641589012249 16.674663775827806 
-6.894662448273642 15.83819910961984 
-7.337713894979932 14.941702921356073 
-8.30199696385831 15.206576783929368 
-8.238107309874978 14.208619814860114 
-7.334609371102015 13.780027380683999 
-8.188786883561077 13.260045864465154 
-7.596936384547924 14.066093621622185 
-7.287677322889391 15.01707145142795 
-8.263328368569299 15.23640005663872 
-9.252113065450223 15.385748050311552 
-10.169363072650553 14.987436081760524 
-9.209165052260369 15.266756259403978 
-10.018518985343459 15.854077475607628 
-9.108776050134004 15.438905472894914 
-8.23713392299107 14.948762634336866 
-7.283744483260155 15.25050520045834 
-7.716372202676071 16.152077857759448 
-8.632505639874376 15.751204404850403 
-8.55599243609435 16.748272973027795 
-7.6623051289563655 17.196963286117413 
-7.928839168915667 16.233137780362885 
-7.528961668502793 17.14970637281167 
-6.70617859372379 16.581350839842028 
-7.497278777168423 15.969664237280007 
-6.5069068738818725 15.83123196799074 
-5.540773730331226 15.573187884677546 
-4.541854773183891 15.61967354969032 
-4.655086914046048 14.626104990266375 
-3.8986159247883547 13.972077741283973 
-3.4518035915586065 14.866705450934075 
-3.8384878615646723 13.944493286988124 
-4.034043469411147 14.925185901541631 
-4.109275570671776 15.922351951374813 
-4.929417352642776 15.350191608930992 
-5.027310270652181 16.34538856260579 
-4.942998438739757 17.34182798123573 
-4.328893240802485 16.552603801508308 
-5.092775497858567 15.907248165169007 
-4.118393225271617 16.132146335166652 
-4.092718782510155 15.132475978004408 
-4.020659668471787 16.12987634099011 
-3.327055833485405 15.409519679264694 
-2.9179717066731707 16.32201635169165 
-3.224418622290292 15.370128602054777 
-3.4198323433338946 16.350849498960667 
-2.651834005201665 16.991301333704023 
-1.7667258354646478 16.525915979546 
-2.75984366295239 16.408796464835483 
-2.030998256749923 15.724118165297984 
-1.5191652356316516 14.86503321112119 
-1.5924224211004492 13.867720128495082 
-2.4256406405319995 13.31477582858114 
-2.2567070775241587 12.329148388170985 
-2.958069746749419 11.616343782253473 
-2.884087028515861 12.6136033058494 
-2.953954695615232 13.611159574484955 
-3.248584225041757 12.655548021399756 
-4.111019997735957 13.161714533505563 
-3.574773065405712 12.317653381949349 
-4.508251248223968 11.959019191997628 
-3.956403306339481 11.125074440207765 
-3.626319931446271 12.069026221613525 
-4.555065097673355 11.698307438423589 
-3.8395197983895026 12.396873773622174 
-4.519898928894378 11.664013460347244 
-5.349321638359691 12.222634950287631 
-4.712803366073299 11.451373328627675 
-4.550807484180829 12.438164762644956 
-3.5948138871336206 12.144777233249549 
-3.564504749269297 11.145236660705383 
-4.388297923962094 11.712127131016503 
-5.128860095399336 12.384114980784753 
-4.446968489027491 13.115568217266503 
-3.516933938644546 12.748096129763258 
-3.213023521288731 13.700796742874541 
-2.6826937282969845 14.548588173985596 
-3.394817852087281 15.250641756211271 
-3.377333622066856 14.250794617044193 
-2.544716091307409 13.69694621949118 
-1.5501626837782867 13.801174428591269 
-0.9611712929306395 14.60931373682182 
-1.5590340917820547 15.4109121860154 
-1.583566566585483 16.41061121956501 
-1.05643656559611 17.26039587584973 
-1.2466856891227245 16.278660030014734 
-2.1344661186938048 16.738927244652697 
-1.8073127518695113 15.79395598870068 
-1.3682619867984305 16.69241824483084 
-2.2191646325382712 16.167094832566605 
