0 0 
0.34973962169705297 -0.9368469442844986 
-0.6132385300255433 -1.2064263932507215 
0.38501322800877336 -1.1473211685967524 
-0.5834334225014531 -0.898100212183526 
-0.1487949691771434 0.002504814946487244 
-0.5808642489566898 0.9043452318001477 
0.4189847027438335 0.9217255017452506 
-0.5485333214352158 1.1745275446338883 
-1.3032355448302413 0.5184600526769974 
-1.6559636404926408 -0.41726581023926146 
-1.3700685037268894 -1.3755267197903567 
-2.231333393596848 -1.8836829846118077 
-1.956417920362056 -2.845151383768062 
-1.287750671598539 -3.5887131568784265 
-1.8637651901479 -2.7712736946426304 
-2.6018685612391823 -3.445961336135851 
-1.7818390443264347 -2.873640105189588 
-2.5529939500873824 -3.5102876617865046 
-1.9592669160302485 -4.31495418217226 
-0.971900529875379 -4.4734080224269945 
-1.0900192228497703 -5.466407505996861 
-0.5315236380944447 -4.636900012475068 
0.35256596784357164 -5.104217429946708 
0.38130471641986313 -4.1046304730838905 
1.3247698847438176 -3.7731587907949624 
0.7760499594716249 -4.6091650369494275 
-0.0766174987582029 -4.086711014402098 
0.6189171108489897 -4.805203607849359 
0.06628224746543077 -3.9717801213954225 
-0.23422042857255865 -3.0179991498437735 
-1.228669165112739 -2.912776954496789 
-1.3458081924530916 -1.919661428350029 
-0.6194167941297268 -1.2323801639161536 
-0.08938446314020976 -2.0803575976405533 
-0.2249434174194649 -1.089588315761712 
-1.213407890638108 -0.9381354016775303 
-0.2252394657011212 -1.0915080327352078 
0.13886574130422025 -0.16015020771219468 
1.0812289332680631 0.17444150532283786 
0.12790259665601944 0.47638338039461453 
1.108460838512331 0.2801551094251656 
1.7474256723274388 -0.48908083691875787 
2.605203604887769 0.024939608601189545 
2.9257302658504156 0.9721791029278022 
3.0460392823520954 -0.020557388064847193 
3.4424646660094615 -0.938624332896274 
3.2999904352298595 -1.9284228444953573 
2.5367792014486152 -2.574571908280263 
3.209690617269946 -1.8348488341117388 
2.387915693036898 -2.404661060991584 
3.3300262360582518 -2.069358623290917 
3.8752890915386407 -2.9076237474809745 
2.892626354675326 -2.7222216288838568 
2.7468475072163 -1.7329044261457673 
2.234750173737809 -2.591831850928688 
1.6803675943809067 -3.424093802303126 
1.6779473224619255 -2.424096731165496 
1.826898087003836 -3.4129413447132366 
1.2940475187725564 -2.5667319900405277 
1.457574276153539 -3.553270889233287 
0.4896211180115775 -3.302140079408999 
1.4839724401546317 -3.1960012639249356 
2.3905104561314907 -2.773877081262132 
3.370873968449879 -2.971075924348885 
2.975584519445648 -2.0525193112291866 
3.0342705418889606 -3.0507958013709624 
3.097513453743829 -2.05279763799584 
4.092410613058423 -1.9519034241491036 
3.3391451968064043 -1.2941867581912816 
4.320252490232275 -1.1007223459947182 
3.754849920729475 -0.2759072549593812 
4.614507852529661 0.23496282665924983 
3.6145359279536002 0.22746949231135344 
2.7436752884027835 0.7189994979886698 
2.8035922819472168 -0.2792038650013555 
2.8115407457407473 0.7207645454613565 
2.1841014710356115 1.499430042679188 
3.184062465036771 1.490597688733964 
4.182976547318452 1.4440073869604526 
3.868137325252498 0.4948623694584351 
2.9320723647695024 0.14303515368914888 
2.308138906206886 -0.6384423183380951 
3.1349207507157573 -1.2009650126274085 
2.40698033941369 -0.5153246130057286 
3.2160345746526127 -1.1030586042313186 
2.475170212903786 -0.4314039329228374 
2.9931983064268803 0.4239596706521733 
3.879449623476345 0.8871643802872218 
4.172483474754018 1.8432664470172202 
4.290697164808951 0.8502782680928201 
3.3389109605346854 1.1570404257217979 
4.141626063400059 1.7534031204234644 
3.653802907468815 0.8804606432021522 
4.649433754193764 0.7870838952947548 
4.698347972895808 1.785886878474505 
5.6700511578210495 1.5496816278848065 
6.665219201474974 1.6478680062171387 
7.0220760806458165 0.7137089363642325 
7.916389332072802 0.2662675342543087 
8.86239905546998 0.5904057813619201 
7.885069703664028 0.8021304565855627 
7.116505524377508 0.16235776076490016 
6.462367359997914 -0.5940173194050475 
6.952409401322037 0.2776814804879465 
6.018097753508723 0.6341386935730098 
5.148355885135236 1.1276456159137158 
5.845086639924715 0.41031287908199787 
5.085654393099069 1.060899278018642 
6.085364062037589 1.0368040952877415 
6.421716581658097 1.9785402486475536 
6.712699700485986 1.0218120612519934 
6.17131715574935 1.862588452603751 
5.90154360510646 0.8996646594749653 
6.841120455954507 0.557326608200399 
6.144581717521175 1.2748457966976146 
5.228441673601586 1.6757041506420134 
6.193307357239045 1.938447775757482 
6.340442195897264 2.9275642194854283 
6.732295655503324 3.8475918637411657 
7.160121890012732 2.943730860563409 
6.4967890295393245 2.195406388014123 
6.777101912344811 3.1553150751991472 
7.712632875291841 2.8020703762050885 
7.654124632638421 3.8003573016637007 
7.404651449687696 2.8319755943868468 
7.450686422499225 1.8330357657293637 
8.304301774913663 1.3121319069201067 
9.296533479268719 1.4365354634314043 
10.209638787324144 1.028811664271965 
9.482865765221323 1.7156893639707778 
10.386497584244482 2.14399945683446 
9.596681645421935 1.5306555216872548 
10.321632818407265 0.841855262695437 
10.892063348029637 1.6632011160816575 
11.870427992707064 1.4563131704559789 
12.069940320009191 0.4764178539785048 
11.153268738151999 0.07677650099381705 
12.0620957669949 -0.3403966424904959 
11.140228006772201 -0.7279012652525791 
12.104496749688844 -0.46297525400800843 
12.557357390676287 -1.3545565682157712 
13.198499260155883 -0.5871341922061782 
14.061650795427859 -1.0920791665921301 
14.001567724046932 -2.09027254692153 
13.603575183686134 -3.0076611983758403 
13.262244492190996 -3.9476044727511885 
12.39697067198157 -3.4463049454621766 
13.389987779177286 -3.328334505026225 
12.406717573332763 -3.146181541013915 
11.639506085155453 -3.7875757508480516 
12.623177596422321 -3.9675489653049656 
13.243380981394962 -3.183107915086098 
12.441114618655739 -3.7800741479813755 
13.439579465644638 -3.7246850757068146 
12.450616117183227 -3.8728454462516937 
12.614588566998966 -4.859310364888654 
13.568398913861916 -5.159719789203505 
14.532975648972098 -4.895917359184026 
14.46481545026706 -5.893591748607996 
15.064454581353372 -5.093321224053921 
14.244729076184308 -5.6660778007733175 
15.195883812428352 -5.974792341604364 
15.824229227531982 -6.75272681141416 
15.144719540630316 -7.486393346978377 
14.540527413312052 -6.6895546724107895 
13.884455436546025 -7.444252997109021 
13.67740453233982 -6.465922826324437 
14.440900929116157 -5.820110739019199 
14.7771085583077 -4.87832284884785 
14.134826553394909 -4.111854437127441 
13.27890482033646 -4.628959829555543 
12.614784318006697 -5.376585376460718 
13.489299978869788 -4.891588099246514 
12.685538476964549 -4.296636464191162 
13.62403982751773 -4.641912028067112 
14.260449841545501 -5.413262981942954 
13.283578417357436 -5.19943543319214 
12.700957009244041 -6.012179116531461 
12.241943858179324 -5.123749644288649 
12.911735308206838 -5.86629891098416 
11.913358813674355 -5.809339494159275 
10.938779022174897 -6.0333801824301165 
11.578275602671921 -5.264586241550889 
11.07090911892906 -6.126316623500143 
12.007101930778632 -5.774829754554527 
11.144025503636655 -6.279903096666186 
12.12674806872854 -6.094818359155967 
11.156389188214062 -6.336486815944782 
10.358405163602018 -6.939165417243987 
9.761154298419235 -7.741219906688698 
10.742709194618934 -7.550039401023509 
11.52900296875397 -6.932186586223349 
11.955601521576314 -7.836627670390738 
12.775155027482516 -8.409630332650568 
12.385448600714524 -7.488691191916653 
13.094010846946153 -6.783042877800345 
12.60538287911287 -5.910550637690947 
11.805217602314993 -6.510330205371423 
11.01163468578645 -7.118792327934573 
11.9528780866939 -6.7810633533881495 
11.521707286206727 -5.878793027594793 
11.26052710911194 -6.844083095446284 
11.873710681492192 -7.6340235403932395 
12.104342380138956 -6.660982421231614 
13.094316123351982 -6.802233926529045 
14.03288736196431 -6.4571483863368755 
13.327725328768837 -7.1661945815453585 
12.444592158650888 -7.635316957730318 
13.438726594835577 -7.527165569427857 
13.175479303654196 -6.562437180871957 
12.17576410129926 -6.538572684639512 
11.191472304430668 -6.715121993947702 
10.206511452358626 -6.887899654209431 
10.48906855101966 -5.9286491728458515 
10.972564084492285 -6.803996000744382 
10.356081610925989 -6.016627370568161 
10.03713866323728 -5.068853454425899 
9.066293517287077 -4.829145918906201 
9.362776533061309 -5.784184044510313 
8.572031963923918 -6.396330290418692 
7.702869685351409 -6.890857269972534 
8.691963076602706 -7.038146995965254 
7.799558228841538 -7.4893826192180795 
8.069484892966582 -8.45226350281393 
8.753893634916931 -7.723164967674858 
7.962950464437007 -8.335054582778078 
7.53985039816475 -9.241137544719429 
6.540757057677072 -9.283710975320856 
7.224453821916289 -8.55394475620077 
7.733036235819775 -9.414958071003802 
6.776215509595643 -9.7056367559257 
7.601045363286088 -10.271017788912303 
6.612911322274299 -10.1174237883989 
7.60154418592838 -10.267773583553838 
7.298542811885439 -11.220763702772338 
7.961564145667829 -11.96936420434138 
8.512318832466931 -12.804031368526495 
7.934472546757611 -11.987885750335757 
7.002986707137371 -12.35166333428916 
7.353866692787847 -13.288083771736957 
8.071464193428334 -13.984541830111276 
9.036421819824222 -14.246947583212103 
8.32280292709432 -14.947481719381747 
8.065061288225357 -13.981267846787723 
7.265837569964089 -13.380234197007086 
8.174103887858495 -12.961841682998367 
9.079754878934072 -12.537817765791065 
9.463690471434754 -11.614457889680374 
8.46399612416706 -11.589735186733046 
7.761777701487175 -12.30169676353967 
8.167995706947224 -13.215472957167005 
7.18999926567928 -13.424094530517504 
6.709558304364122 -12.54706745984604 
7.551853028270935 -12.008050207729983 
8.163144176783716 -11.216644413115157 
9.117519049670115 -11.515255534815388 
9.189247337513937 -12.512679743827277 
10.18805165920119 -12.463792864413008 
10.18775597370551 -13.463792820698052 
10.393748440170917 -12.485239243340379 
11.240432907822445 -11.953143939623413 
11.832110300406145 -11.146969105542519 
11.565019200106256 -12.110640389819785 
10.621758327584876 -11.778587794030797 
11.57589927585497 -12.07794552457111 
11.762548382463944 -11.095518880489186 
10.799279629198539 -11.364058093608078 
10.652803654256637 -10.3748438656651 
11.537241586565221 -10.84150171022974 
12.431855809055783 -11.28834104703617 
12.07585094031834 -10.353856946885056 
12.35370450972248 -9.393233506629 
13.021996835892459 -8.649334745518109 
13.372996535452367 -7.712959174014424 
14.367393469976008 -7.818669800774402 
14.242931769010992 -8.810894213391274 
13.797252532571378 -7.915701486540456 
14.624690719858076 -7.354144680669758 
13.635120329826062 -7.498194821842501 
12.686094110243697 -7.813391957846628 
13.544498843707927 -7.300418943384655 
12.557757927107904 -7.462722250520852 
11.563940438288846 -7.35169613234418 
11.841506205924164 -8.312402770521004 
12.112079454726969 -7.3497033797284805 
12.149994718799428 -8.348984337592842 
11.832459979424893 -7.400737698110083 
11.568111501929232 -6.436310467861099 
10.599951868448022 -6.185976842278105 
9.636579310465548 -5.91781026246939 
10.235726555065275 -5.117171405500435 
10.9918282366923 -4.46271724588283 
10.76053034108814 -3.4898342706545207 
11.413208515845714 -4.247469539233752 
10.9203953485096 -5.117604690862594 
9.933055902538435 -4.958983070553918 
10.198027933497603 -3.9947269724091496 
10.709383914549433 -4.854095962216508 
9.825845091734655 -4.385738034367437 
8.895947195001678 -4.017920278336565 
8.350635741408313 -3.1796867675653173 
9.05477709830999 -2.4696269464934115 
9.31225110893369 -3.435912170355055 
9.821670171404834 -2.5753935948489706 
9.090845857355019 -1.8928279774951404 
10.053866521792337 -2.162255518527429 
9.896357699590297 -1.1747379384669392 
10.86954790404944 -1.4047397339920387 
10.234928434747221 -2.1775645066168368 
10.292656794399264 -3.1758968342972964 
10.178644270921206 -2.182417521734541 
9.576313630894433 -2.9806642255078404 
10.462665356953638 -3.443676771462988 
11.29098005218081 -4.003939893282294 
12.285877870143652 -3.903052174442119 
13.21484249044179 -4.273220695840599 
14.1378310123594 -4.658048174600035 
14.04544810188389 -5.653771729534874 
13.548571727010149 -4.785950395335069 
12.80100780895894 -5.450140269112082 
11.880226329103573 -5.060061474052211 
12.366991094053578 -4.186528381603409 
12.622639949006906 -5.153298086838866 
12.235819808826724 -6.075453268546904 
11.983050523631293 -5.107926685727708 
12.4117999269002 -4.204503225108848 
11.470369106629983 -4.541709409283083 
12.160609887734383 -3.8181296527251845 
13.141473572571549 -3.6234339112009852 
14.028146169824147 -3.1610361330041927 
15.022433019197122 -3.267777227077488 
15.881077207348152 -2.7552051266326267 
16.843734236950922 -3.025929051242868 
17.717176369285657 -2.53900108792329 
18.665459685481196 -2.221575896381736 
17.77732854612701 -2.681166017369375 
18.428876088312904 -3.43977382135739 
19.428805558050108 -3.427897140378534 
18.48055341117735 -3.745415432688136 
19.33458042280009 -3.2251867681388546 
18.55447265482945 -3.8508319314318076 
17.872166002700602 -4.581898024518285 
18.069466969132566 -3.6015550597120836 
19.06421276892487 -3.703930807795139 
19.324101990808458 -2.738292370102881 
20.126206262672486 -2.1411083640733515 
19.251021745999942 -2.6248976382172122 
18.803407061824675 -1.730671103992984 
19.219148598646868 -0.8211882979099219 
19.02668782161423 -1.8024929648222898 
18.02735625449042 -1.8390500291172989 
18.26609516876557 -0.8679662372585722 
19.084693000149063 -0.2935991155896476 
20.034278513768704 0.019909021982127018 
19.252719016277567 -0.6039216857274248 
18.3310190938343 -0.2160180211816084 
19.28996722261425 -0.4995995549764425 
20.236561204378663 -0.17717152628259758 
19.924472161867147 -1.1272243824670545 
20.842220184901226 -1.5243875305775505 
20.42056129679566 -2.4311420630071265 
20.65075500973743 -1.4579972359016835 
19.787254201274145 -0.9536497824697758 
18.847038824716954 -1.2942302365264005 
19.606470627636696 -0.6436433194168821 
20.55351181656601 -0.3225312105337848 
20.748054122974672 -1.303425338876492 
20.888261133566726 -2.2935475506164567 
19.939394422345792 -2.6092245442931774 
20.906890190908012 -2.356337340555621 
20.49858584598036 -1.4434914817638953 
19.894372238788794 -2.2403138690526525 
20.46925194366038 -1.4220759299867871 
20.78157661882662 -2.372051349291047 
19.811696230682035 -2.615633024900088 
19.94232010601964 -3.6070650211518664 
20.928229885026187 -3.7743429565147246 
21.80484560483323 -4.255534061780792 
21.283765409976816 -3.4020263403579563 
21.994194022852547 -4.105795610792141 
20.996860731305304 -4.032814068114931 
20.005498733680042 -4.163968136540019 
19.384524086774856 -3.3801374865262668 
20.25793513027622 -3.8671212122192946 
21.089040643923216 -4.423235971226431 
20.089040783307865 -4.422707985169384 
20.539721826003085 -5.315393034755828 
21.457718534488038 -5.711981036605092 
21.937736795620214 -6.589239532705095 
21.699197101921243 -7.560372280855419 
20.883239539133882 -6.9822604787529965 
20.605916773104827 -6.021483666250742 
20.649887192867258 -5.022450832863412 
21.489030748498507 -5.566360837406941 
20.4993003058935 -5.709307159433414 
19.52623743133843 -5.939847052212578 
19.310070568882452 -6.916203486910449 
20.230261279400167 -6.524733109644303 
21.228007604943564 -6.591832065408544 
21.543877136229096 -5.643029430923658 
21.387056022497553 -6.630656454798561 
21.031187480796106 -5.696120430331186 
20.753562714771974 -4.735430839833795 
21.74907936521389 -4.830017301301108 
21.73359814481214 -5.8298974600275795 
22.27514083169834 -6.670570713010019 
22.154988303781636 -5.6778152697939035 
21.56936934109135 -6.488401742995592 
22.037863878146624 -5.604935349322712 
22.405540860455936 -6.534888916271041 
22.737806495512295 -5.59170306620723 
23.4562013659603 -4.896067522180049 
22.505931552529102 -4.584639710831355 
23.477371119701385 -4.3473526118728785 
24.45352751450609 -4.564421017869433 
23.458851756560165 -4.667475064634729 
22.71244564704346 -4.0019843286540295 
23.61241293398069 -3.566026896737976 
23.77862654853227 -2.579937126819588 
23.584296196019505 -3.560873268519069 
24.566999130824822 -3.375684332766914 
25.31065815853041 -4.044243418048074 
24.35182649437871 -3.7602683490365783 
24.800875781029728 -2.866761360726912 
25.322592246734082 -3.7198803028521925 
25.50513531742814 -2.736682445174714 
24.825761548359043 -2.0028900481707317 
25.260620680062893 -2.9033885409922213 
24.26193600215321 -2.954661478380592 
25.22290275044638 -2.6779975872150623 
24.93068224759001 -1.7216466172723477 
23.982270184283596 -2.03868692728808 
24.95980789063514 -1.827926322190831 
24.18423058152614 -2.4591789163203464 
24.248027166095962 -1.4612159932629685 
24.57172874417356 -2.4073752231762393 
24.614291963242707 -1.4082814476063623 
25.61378494046669 -1.4401214928314805 
24.795667859053044 -0.8650698072420748 
24.541720429059463 0.10214821512912575 
24.115486874797682 -0.8024649382250412 
23.820782496775823 0.1531235346934785 
23.584807298526055 1.1248826127632348 
23.728281227996423 0.13522851583727769 
22.96918410595909 0.7862059035510457 
23.477940940260062 -0.07470436096672295 
22.48861209214712 0.0709954341310167 
22.92623141426235 -0.8281649124765332 
21.931325431451658 -0.7273577432499017 
20.93190448763819 -0.693331619947425 
21.57535714723888 -1.4588175276248943 
20.6241447270769 -1.1502807685027634 
19.624250957681053 -1.1648564305243736 
18.698620345430555 -1.543284719193138 
19.660229482753955 -1.8177075079992961 
18.676410670937745 -1.6385412569458697 
18.205392745882023 -0.7564176180628611 
17.591273103486124 -1.5456305581642842 
16.86350259230655 -0.8598098213405715 
17.75417524194315 -1.314454991983911 
18.03344721245664 -0.35424294952375035 
19.007451116664253 -0.1277117274188839 
18.06136808188152 -0.4516359335169905 
17.073855404623306 -0.2940963757725387 
17.39537898731254 -1.240997947095915 
18.184654400225813 -1.8550372964625357 
18.262472619841645 -0.8580697319471086 
18.93823465159005 -0.12094987978786365 
18.72303141453527 -1.0975191639460047 
18.997045327837714 -2.0592448916442305 
19.959283250975528 -2.3314546991005853 
19.41751259093119 -3.171981053187786 
19.286744104062247 -4.163393985745158 
18.944455379687437 -3.2237991639385104 
18.15503100094795 -3.8376469873050016 
19.098280707129938 -4.169731301580146 
18.282876079089647 -3.5908398673971265 
17.290892715525686 -3.464471333290202 
17.880370372548 -4.272256014917355 
18.612934647961904 -4.95295387916206 
19.437735277248816 -5.518377545033868 
20.30175748694116 -5.014923851871966 
21.12344303134455 -4.444982744284083 
20.630762594327305 -5.3151930562090195 
19.6937899259288 -4.965790396410633 
19.56751315469895 -3.973795347507785 
18.771945891625975 -4.579660621249875 
18.02538620690803 -3.9143421733214843 
19.010122072004688 -4.088397555290388 
19.439199636209054 -3.1851299073053356 
20.07017529283945 -2.4093272772892753 
20.352758912507017 -1.4500846083594703 
20.148477573501836 -2.4289968283946735 
20.590430589988102 -3.3260350278146813 
20.791173417869835 -4.305679002457533 
21.51493823562731 -4.9957257317277275 
20.846753295718003 -5.739720950851074 
20.791032288587463 -6.7381673286623 
21.38483737265333 -5.933558403694692 
21.120791746521373 -4.969048213328315 
20.875776317427498 -3.9995290337831424 
19.888346293549375 -4.157585820869471 
18.92005788560857 -3.907750757182527 
18.006005726413473 -3.5021540975922654 
18.166126901608312 -2.515056731951862 
18.800241408226892 -1.7418175758714964 
18.042427159869533 -2.394287931509645 
18.263663475717 -3.36950815922759 
18.811931530964014 -4.205810819510131 
19.253179915337064 -5.1031958334746905 
18.25546164184995 -5.035681044354873 
19.01184688840149 -4.381554635471111 
18.47670582817928 -5.226317351068958 
17.572608763780092 -5.653644506939928 
18.226548458765908 -6.4101911844964805 
17.228150737756547 -6.353605049416273 
16.629419685506644 -7.154555189607112 
15.896699128134392 -7.835084825114703 
15.573812603796991 -6.8886471396851165 
14.702251036519538 -6.398361065596866 
13.73167079809104 -6.15758315803041 
12.759020394663764 -6.389857118501142 
13.701709523813022 -6.056184815509399 
14.504068701657424 -6.653026293398507 
15.38574109990766 -6.181164256184579 
16.30793454936256 -5.794435356588914 
17.271467447590155 -6.062025255563323 
16.40711260221789 -6.564907648654877 
17.403743735221987 -6.482893108925801 
18.402608462949157 -6.435256403513631 
19.08329227126477 -7.167833739429064 
18.781861692273047 -8.121321865232796 
18.588850231168898 -9.102518367408809 
19.588772440915267 -9.114991316375967 
20.25372539827776 -9.861876558227001 
19.257042754494176 -9.943262721550804 
18.327942240322482 -10.313090025256054 
18.39136513472845 -9.315103283628105 
19.347327415305134 -9.608592837300161 
20.32451433251218 -9.396211743886955 
20.07922415194589 -10.36566144723301 
19.82351970234947 -9.398906444941018 
19.650547713104626 -10.383833188885298 
20.633937420840113 -10.56533989046933 
20.958619024818816 -11.511163265121182 
20.03477886676107 -11.128384788244755 
19.118765969569214 -11.529533603746167 
18.739709783487555 -12.454907262217827 
19.632168442870768 -12.906036446922073 
18.750515578833774 -12.434137911921841 
18.66581808784884 -11.437731200271996 
18.126736541156234 -12.279984776112139 
17.238734074295 -12.739823463967303 
18.186951997400325 -12.42220298241452 
18.9837582542916 -13.026437861396952 
19.664542184849626 -12.293953568122369 
20.370815433686996 -11.586014235992344 
20.60223175365401 -12.558869048825649 
19.602246941901846 -12.564380515507628 
20.279618977171136 -11.828739892760936 
21.274659772619408 -11.72927223272176 
21.510949510686856 -10.757589589219254 
22.443470312210437 -11.118705851281518 
23.347162507755712 -11.546888540925272 
24.336038798782802 -11.695628855045243 
25.233296973644027 -12.137135103749275 
25.95631980730218 -11.446310971274928 
24.95874037996259 -11.37677474942745 
24.07351982971028 -10.911603192460566 
25.039197971119307 -11.17134484719619 
25.83218598594927 -10.562107612339329 
24.86482310150582 -10.815502659254708 
24.100296748230985 -11.460095131401475 
25.086285259892826 -11.626908364901906 
25.51589344934013 -10.72389296992804 
24.945930377683986 -11.545563279083904 
25.649967867569416 -10.835400471809528 
26.232743008191818 -11.648033928832152 
27.14360314879472 -11.235318767660605 
26.835912163064236 -10.283832426560428 
25.839748581313234 -10.371343102440656 
25.53622689805797 -11.324167633922654 
26.225403563414748 -10.599574283188801 
27.21681892900353 -10.73032432286169 
27.206730355550764 -11.730273431909591 
27.340297520697703 -10.739233668633359 
28.13921378932411 -10.137791405632113 
28.970164892352866 -9.581445951462408 
29.61532242908731 -8.817396376634477 
29.92271932957756 -9.768977768617836 
30.82843849617242 -10.192856042728122 
30.695096840363572 -9.201785912603036 
30.935365472320612 -8.231079476806151 
31.518511564604285 -7.418712173762583 
30.874045042544108 -6.654079646372036 
30.995571755665 -7.646667807694763 
30.338141037884473 -8.40018280510263 
30.481570637904063 -7.410522282580781 
31.430916426309537 -7.096288971111754 
31.656948529092176 -6.122169117853615 
32.487156310381586 -5.564715048098518 
33.41558515875123 -5.193204787789306 
34.04688725884642 -4.417667774865101 
33.66620385945415 -3.492962335588817 
32.91318668606815 -4.150963199255241 
33.07729223276034 -3.1645204135120144 
34.033919148039246 -2.8732045283221335 
33.146407469389125 -2.412419306923223 
32.311476639464296 -2.9627742008244544 
31.46375982042283 -3.493223250888847 
32.21000793892278 -4.158891145289111 
32.98823879117588 -4.786869441571243 
32.029844528338884 -5.07231722481912 
31.035661659603974 -4.964611962579872 
30.18621447906594 -5.492285618806882 
29.930330976728772 -4.525577993290425 
29.126250632362876 -3.931057346210425 
29.643142817501975 -4.787107852280089 
28.768573484819633 -4.302207365240159 
28.41254777474982 -5.236683525326272 
29.01290133214576 -6.036418235165756 
29.773176246116304 -5.386816776433495 
30.74262779416227 -5.632099666157336 
29.757049063919247 -5.801317178526925 
30.569463533451284 -6.384397558659012 
29.78845753252088 -5.759874039077326 
30.701768410459792 -6.16713714842858 
30.78595874513678 -7.16358683985659 
30.915264165039584 -6.171982025233467 
31.098893973654427 -5.188986555565332 
32.08962135867648 -5.3248513728189595 
31.821661386464264 -4.361421326945349 
31.76441818308932 -3.3630610634796128 
32.517528097465856 -2.7051663478390635 
33.507197996185305 -2.5618014582438837 
34.166267865968294 -3.313883173713843 
33.78108504182858 -2.391042888513985 
33.57060165247186 -1.4134454545950403 
32.5727938407757 -1.4796237812445234 
32.566896986333184 -0.4796411678418284 
32.916433663677886 -1.4165638493854154 
33.19357278008599 -2.3773936522935766 
33.94673301283342 -3.035230762684767 
34.50202923793608 -2.203578129437727 
34.09835767246278 -3.1184820955611334 
34.24735570937187 -2.1296446038582557 
33.28850428431147 -2.4135529423403277 
34.27857003065977 -2.554158126838582 
34.17966874535225 -3.549255376239122 
34.05652587832223 -4.541644329371727 
33.16603776559143 -4.086637822731291 
32.49286887755862 -3.3471490478437547 
33.1238423537585 -2.5713446444454244 
32.83304547516355 -3.5281294558839402 
31.83551937877345 -3.45783232208226 
32.493154494505305 -4.211168936456176 
31.500408421543703 -4.331398860432366 
32.31293089274345 -3.748468990040179 
33.1044925405196 -3.137379669425011 
33.56324269855356 -4.0259449695036365 
33.4468125168769 -5.01914384827603 
33.5078597123348 -4.021008967647803 
32.59087367761062 -3.622089662373137 
33.2912307788664 -4.335882300833775 
34.00971436616683 -3.6403383879282663 
34.77603757977468 -4.28279362550186 
35.77547276381829 -4.24918837448798 
36.66930243688643 -4.69759501532072 
37.44133975802585 -4.062017817202442 
38.19840622369857 -4.715355682746613 
38.46701854425218 -3.7521073132972753 
39.44573195231445 -3.9573390478782553 
40.20866627812903 -3.3108630510354837 
40.82650821163968 -4.097165375333095 
41.41151092369515 -4.908196710663456 
41.96147223296822 -4.073006577638258 
41.65319514628456 -5.024303186391718 
41.12754282561774 -4.1736036872866675 
42.127477708822354 -4.18501549479322 
42.38454219777035 -3.21862124371248 
42.890845089815514 -4.080976960053889 
41.99208638996031 -3.64253334972915 
42.33160483406108 -2.7019339524747217 
41.41262020727917 -3.096227315008905 
40.48667020693396 -3.473873441509235 
39.91786407482391 -2.651401810342536 
38.97234204500416 -2.325843687842816 
38.42317916427964 -1.4901283472905789 
37.4789944788861 -1.8195449222656466 
36.676352025332314 -1.223084452701098 
36.29133261055712 -2.1459929260862785 
36.22923490204788 -1.1479228510925927 
37.118051089066746 -1.6061867332535569 
37.61512096475644 -2.4738972487377424 
37.55352892406513 -3.471998656673569 
37.06651131256114 -4.345390805759506 
36.41949081340173 -5.107863410951002 
35.577530189247334 -4.568324434255583 
35.464711983100315 -5.561940080449708 
36.11844153558005 -6.318668348862256 
35.48849040862255 -5.542033571347766 
36.20029980000134 -6.244406257565679 
36.53924415658582 -5.303599835851025 
36.90139336279786 -4.371479697435385 
37.455531923241196 -3.539055252918174 
36.536082414844024 -3.145847163596255 
35.83441629292393 -3.858353060659304 
35.92974968461336 -4.853798460683328 
35.90706602281129 -3.854055768043242 
35.59000292873888 -2.9056513214186857 
36.58764959786467 -2.974216061498567 
36.7616089640835 -1.9894632301217072 
35.766158020904406 -1.8941877362953892 
34.92851414390635 -2.440404483866955 
35.78138262280159 -1.9182786774687979 
34.87343671283731 -1.4991913064121882 
35.59279602551385 -0.8045531421384846 
34.70602035119197 -0.34235307351995836 
35.665102230160606 -0.05922421692991536 
35.200289007923594 0.8261845408953303 
35.08105323820361 -0.1666814275109203 
35.06356277348379 -1.1665284576329709 
34.850496966068086 -2.143566308337996 
35.79176006933723 -2.4812403677860733 
34.79205865578164 -2.505675664693601 
35.56571810209018 -1.8720740066011095 
34.65383214758314 -1.4616303369303658 
34.68176628618229 -2.4612401027393656 
35.60112413280446 -2.8546624582992015 
35.318417080736346 -3.8138687566057525 
34.351427883473335 -3.5590513859721282 
35.25461271247388 -3.988303252203667 
34.71137609141285 -3.1487236112295665 
34.20476417726805 -2.2865494011962686 
33.63741202260281 -3.110024678661659 
32.83168582412286 -3.702312862811105 
33.36061061177507 -2.853644158894756 
32.92603282122839 -3.75427845979805 
33.37606153418166 -2.8612643739530252 
32.383193344488326 -2.7420471021544923 
32.69058754283175 -3.693629367029582 
31.889856110751786 -4.292652883829355 
31.908858934788203 -5.29247231386592 
32.908576143441714 -5.2686920127318055 
32.49366091025779 -4.358831941472534 
32.022835524212184 -3.4766055216374623 
31.088127288904012 -3.832021496021114 
30.10704291168309 -4.025602085887548 
29.848450476531674 -4.991588603641527 
30.770512084799545 -5.378631741493713 
31.69814431248019 -5.752126654669574 
32.698029446953576 -5.736970208544573 
31.880055052354553 -5.161715578158723 
30.88144701276764 -5.108971068753618 
30.40976053840826 -4.227204733545466 
29.64875605845789 -4.87595135703993 
30.58337646640623 -4.520304491390192 
31.510649047995425 -4.1459175799831485 
32.50128878825171 -4.282419979320857 
32.88387204071719 -5.206341001342184 
32.24079483279238 -4.440539653310183 
31.242072321583336 -4.390009013057985 
31.581367738775704 -3.4493291419688576 
30.664979221527712 -3.8496191436626654 
31.477174616076987 -4.433004643202165 
32.002888297876964 -5.28366622383709 
32.91730495853091 -4.878892001932482 
32.25585968108516 -5.628885431866849 
31.962737475640065 -4.67281044909876 
32.816819387880976 -5.192948976015296 
32.28443632134645 -6.039452532101913 
32.79284887309715 -5.178338905904802 
32.44881918289094 -6.117297676169301 
33.33138930505531 -5.6471168817266015 
33.51285584403207 -6.63051400152704 
34.05283305854594 -7.472193636427302 
33.86571271160521 -6.489856639383629 
33.24785499941272 -7.276146565227949 
32.645560848945564 -6.4778723289450495 
32.68496090296817 -7.4770958453531735 
31.785260461173095 -7.040587981696919 
31.97455492142567 -6.05866761460105 
31.3817587685509 -5.253315069974244 
30.67912847591357 -4.541759961870607 
31.67202410266606 -4.422771414624346 
32.67197023524696 -4.412392015002594 
33.29858137985488 -3.6330599462070463 
32.455087006341515 -4.170197956267119 
31.47310275355859 -4.359160723198495 
31.133841664440457 -5.299852975431062 
31.054114095999626 -4.303036284744899 
30.067664674339554 -4.46710193778206 
30.204427145110788 -3.476498068120455 
30.92534203561191 -2.7834744605472665 
31.441666381783275 -1.927081344302914 
31.402123217879343 -0.9278634810776479 
32.333678078274886 -1.2914642815077932 
33.03726893036689 -2.002069595907037 
32.24613256931182 -1.3904297850571097 
33.19473110650651 -1.0739478499769433 
33.98885191178191 -1.681707791589378 
33.04784661806243 -2.02009963131356 
33.66555281441639 -2.806508592977865 
34.1626906348884 -1.9388370033448208 
34.91244823597685 -2.6005495841607527 
35.68068511628564 -3.2407152625077154 
34.68431551573038 -3.1555823130148184 
34.22072967770315 -4.041634326601257 
34.97275909441002 -3.3825047821204213 
34.59182553299016 -4.307107194935777 
34.21287452251957 -3.3816904608838563 
35.105116982497684 -2.9301338280987665 
34.56866024668084 -2.0862060050020648 
34.723759379644605 -3.074104916305185 
35.660825611928836 -2.724953263992568 
35.50096590463882 -3.712093007891652 
35.42230331935941 -2.7151917100305454 
36.232675301834966 -3.3011074463089187 
36.79123717769343 -4.130570303124986 
37.446886997631985 -3.3755051975780894 
38.23203935971866 -3.994807844358894 
37.29728750011527 -3.639506618681304 
38.270033448887 -3.8713801168396524 
38.49695031408681 -2.8974659849533286 
39.44650353328999 -3.211071922239087 
40.28708650831221 -2.669389116435914 
41.27218876009344 -2.497419486746427 
41.11497553587435 -1.5098548042417126 
41.38002751871088 -0.5456206799780967 
40.4053938463137 -0.769426856455834 
39.52580794645552 -0.293686754330019 
40.40632543928501 -0.7677004090080998 
41.17478461057623 -0.12780158727265212 
41.7629901003623 -0.9365130944156695 
41.928321213910735 0.049725022315190825 
41.1684882187999 -0.6003932896411016 
40.28069440101949 -1.0606346796864503 
41.08518146080282 -0.46666450312775865 
40.174833671431 -0.05282044749104847 
41.144395188524754 -0.29766828711980364 
40.725770626395885 -1.2058276762043472 
40.5813834677802 -0.21630640385751698 
39.65636822861278 0.1636235993115428 
40.0344642556246 1.0893899814824857 
40.998402294633244 0.8232632129074828 
40.07296243871134 1.202157753738116 
41.06289745419799 1.0606350873080914 
40.34802465719743 1.7598896075713446 
39.35915706750738 1.6110914554974642 
39.19918403495197 0.6239700704312585 
39.5453133261746 -0.3142167519861747 
39.85144058013475 0.637773849008824 
40.848776187068566 0.7107237437445478 
40.04349765381873 1.3036204327950054 
40.9153872525416 0.813917943890897 
41.1830219211495 -0.14960251990794637 
41.60614200307389 0.7564710953531407 
40.941641854739494 0.009182962927926863 
40.73374977708373 0.9873347323624916 
40.98126805959733 0.018451509356996354 
39.998969098311576 0.2057714246274343 
40.62986726265103 -0.5700942249750618 
40.201755403644384 0.3336315277717955 
40.692309622624876 1.2050421991779023 
40.88237484751271 0.22327073377042894 
41.79020175331061 -0.19607436171704706 
42.75243529752401 -0.4682996478139127 
42.40821474985294 -1.4071884668766526 
41.408795507240335 -1.4412645214552715 
41.72127606460917 -2.391188676988998 
42.718055878055196 -2.4713759796403973 
43.12995918541216 -1.5601484200328137 
42.18948169546003 -1.9000044055521923 
42.23584767102722 -2.8989289253782413 
41.48561343025837 -2.2377567965207223 
42.47407066020212 -2.086256616415503 
43.3501114159858 -1.604019543798764 
44.248741305052484 -2.0427271029722927 
44.424711312241705 -1.0583315744524682 
44.22011421620108 -2.0371778485383145 
45.03225851494208 -2.620634477622687 
45.80967980616528 -3.2496147125687878 
45.88854838602895 -4.246499734579996 
45.64224485855286 -5.215692477202863 
44.79796688538654 -5.751597976359369 
44.210586661166865 -6.560909086004874 
44.580052407469175 -7.490153436167562 
43.60158899954148 -7.696573782418879 
42.71939763604867 -7.225682714146496 
43.53034364747578 -6.6405617296053 
44.47029453606012 -6.299252006553783 
44.4626122890012 -5.299281515449108 
43.527863895052334 -4.943971172213766 
42.707951853454446 -5.516460686565588 
42.11849015462442 -4.708664359752683 
42.356388517017706 -3.737374305664518 
41.76744582029912 -4.545549101102883 
40.77818465386147 -4.3993904729675135 
40.73604069671241 -3.400278924202403 
