0 0 
-0.7416418585644814 0.6707960596373698 
-1.2492043592944957 1.532411001390758 
-0.4870132310688976 2.1797630571179254 
0.4052497909460101 1.7282470556907066 
-0.42146564674400777 2.2908673406831714 
0.005562485039287968 3.195105680207474 
-0.5436624376394676 4.030780248630204 
0.010275400085932529 3.198222219459799 
0.837221933595074 3.760502781739178 
-0.07887415105600859 4.161461587212953 
0.8509906831856445 3.7935602552763275 
1.2927236991872058 2.896413699481699 
1.7031411719810015 1.9845159541036583 
0.7038870940638059 1.9458987588940717 
-0.26636407332576373 2.187999300362234 
-0.796192954099766 3.036103867675586 
-0.7342991200970123 4.03418660638638 
0.2374706218048288 4.27011788605067 
-0.657750401134673 3.8244954897473065 
-0.7164532335561149 4.822770991533111 
-1.677962748062594 5.097542630378015 
-2.508001832709673 4.5398374054085515 
-2.9401063562822456 3.638013874606588 
-3.170054611838126 2.6648110181748943 
-3.4308112085005718 3.630215595177209 
-4.410753895990518 3.8294951205554613 
-5.095663204051374 4.558123448121442 
-4.363497738605309 3.876996638189439 
-4.165940613674851 2.8967052619195 
-4.690635201328328 3.747995805557305 
-3.856259365873396 4.2991917464067315 
-3.5910584207224048 5.263384911022111 
-2.7032280785924123 5.72355583969247 
-3.6987780057170427 5.629320269963501 
-3.588716320133491 4.635395511560478 
-3.221738736377236 3.705165726496368 
-3.5237931178453197 4.658456422263369 
-4.410308233929328 4.195756790801925 
-3.610680688181975 4.79625307562146 
-4.055162120118542 5.692041140212421 
-4.206018825366062 6.68059678077185 
-4.2374889059784575 5.681092086422569 
-5.152873229141241 6.083673184970195 
-4.6829532425685025 5.200964169371352 
-5.245635366239843 4.374290819310573 
-5.066743552527512 3.390422068416069 
-5.162224301769556 2.3949907917705247 
-4.371158009133443 3.0067212231330283 
-3.917957898574278 2.115312416922791 
-3.0170748281388913 1.6812505625714667 
-3.697446298368321 2.414117987483943 
-3.5649920867579077 3.405307112639513 
-3.5208273613508094 4.40433137512252 
-4.152810557364077 3.6293492850347198 
-3.7887357777109956 2.6979795653097547 
-3.9994584761477485 1.7204336869165546 
-3.0022047493132282 1.6463728719422344 
-3.4227334563349365 2.553652104907836 
-2.6676854557859127 3.209321622932672 
-3.2199498338102024 2.3756525898233427 
-2.2202552034020373 2.4003638409669485 
-3.163898637604031 2.0693999923558537 
-4.0473885869780455 1.6009498783040996 
-4.330170745020665 2.560134037416811 
-5.250956856521967 2.170066175543635 
-4.61530084045361 1.3980937477742845 
-3.621552126471796 1.286453730488856 
-3.408629817784273 0.3093845975902799 
-4.009283828279925 1.1088936717573523 
-4.601662658283231 0.30323411477070894 
-3.614425400076649 0.4624904992855863 
-4.325869020884818 1.1652336774177985 
-4.552966425625013 0.19136162793682676 
-4.947819462206187 1.1101059228865293 
-5.763551874900552 1.6885353748336367 
-6.097502124003104 2.631126076636038 
-5.898752895276287 3.611176454974058 
-6.6959151179718726 4.214941633422628 
-5.768643323652702 3.840552772129847 
-5.085509947950316 3.1102591387182845 
-4.816278606441681 2.14718360442751 
-5.795030883080277 2.3522298942616975 
-5.337117232068036 1.4632332192304354 
-4.377040641531958 1.1834959490917907 
-4.785486000165379 0.2707131770091794 
-4.8246469692215035 -0.7285197380324465 
-5.435893919609509 -1.5199596698285136 
-5.970608370318087 -2.364992483512943 
-5.070625189838454 -2.800917104122705 
-4.69840148975384 -1.8727740563680395 
-5.670512929740276 -1.6382546579219899 
-5.929159376334625 -0.6722826005289634 
-5.681335848498969 0.2965225909574828 
-6.583496501912286 -0.1348776355524896 
-7.047899839704369 0.7507461784044143 
-6.380629351675785 0.005930700714741222 
-5.5214857591163575 -0.5058038861211309 
-5.496279628728921 -1.5054861611419956 
-4.508565904657277 -1.66176027697864 
-4.51409416101722 -0.6617755579045839 
-5.280823986453853 -1.3037454752573447 
-6.280814460285061 -1.2993805873050586 
-5.727186745045272 -0.4666163031775681 
-5.239804384302232 0.40657235595431795 
-4.6360702069210395 1.2037580576962985 
-5.57110848118185 1.5583048468051077 
-5.5289035404325375 2.5574138213300825 
-5.560964469532854 3.556899737601655 
-6.446856506258392 4.020791211188179 
-6.95518442710442 4.881954798950895 
-7.512944649417471 4.051952669793809 
-7.535436955269924 5.051699685882099 
-7.747755313831329 6.028900235727314 
-8.732712143934208 6.201700822629349 
-9.253642778035921 7.0552998353129315 
-9.549351493057824 6.100021679035874 
-10.503316729422293 6.39993888062338 
-10.726018194631546 5.4250521911083105 
-10.693116375993037 4.425593602506322 
-11.40477519666439 3.7230683553011716 
-11.91342510565694 4.58404179860931 
-11.029533064454338 4.116350811419371 
-11.720461314513278 3.393427472972969 
-12.65867356029537 3.739487846122689 
-13.248832766598692 4.546774728968826 
-12.251260382825668 4.47713753249017 
-12.744468247727813 3.607226041590856 
-13.70944301985076 3.8695687357263426 
-14.181167030918633 4.751314990258811 
-14.969750610464533 5.36624257792306 
-14.667084757858968 4.413145845336832 
-13.941404720997616 5.101178173139027 
-14.9153512898883 5.327955775529701 
-15.421556545350027 6.190368808445442 
-16.36605753069983 6.518877390788809 
-16.637467159434596 7.481341319167456 
-17.627474137459583 7.340322939295075 
-16.629090541428464 7.283488133269431 
-16.094009985984727 6.438687092085166 
-16.493811784380846 5.522085476333138 
-15.692307136261022 4.924096932093103 
-15.576540434322439 5.9173733642721125 
-16.569347683572907 6.03709707051159 
-16.379919657888614 7.018991679461731 
-15.859601866385155 6.1650189657027 
-14.987210443343574 5.676211022842231 
-15.6622676628941 4.938445646633295 
-14.683346355073725 5.142683432302953 
-14.127414322837954 5.973911184206248 
-14.424944560407333 6.9286235795022915 
-13.467803559592022 6.6390012313344275 
-13.075835122604108 5.719022566144169 
-12.135226233184842 5.379530420218146 
-11.773280625233369 4.447331204983206 
-12.25837684837239 3.5728704258191217 
-11.313835940442733 3.2444766480957625 
-10.99338333485097 4.191741198033872 
-10.066010494445012 4.565879694953644 
-10.920103841536179 5.085999445063757 
-11.690641354658393 4.448604794261418 
-11.072830469099424 5.234931513688428 
-10.416724159355866 5.989599990779322 
-9.805929759171217 6.781389230857181 
-10.557254096850937 7.441322363538161 
-11.302839825367316 6.774912638644609 
-11.732177782559802 5.871768730668818 
-10.78368803022421 5.554960918715941 
-11.422885103088808 6.32400389673559 
-12.29665007370799 6.810352306950795 
-12.022217817597163 5.848745871445125 
-11.28609375315899 6.525592502340948 
-12.112121636311887 5.961963248084265 
-11.981807235658923 6.953435969334053 
-12.867992655376042 7.416766738742682 
-13.455241689100236 6.607360430149772 
-14.14936597696532 7.32721560516471 
-14.964754097650758 6.748300920046884 
-14.732090607177332 7.720858219233273 
-15.401381202669949 8.463858958657628 
-16.39946101404257 8.401917937271202 
-17.198343608518815 7.8004309463537735 
-16.21044125040851 7.645353769309245 
-15.292712357168698 7.248146419789089 
-14.602603389904502 7.971851893930016 
-15.54668366709919 7.642136213059359 
-15.713741277658322 6.65618907717718 
-14.74873507063704 6.9184161169926774 
-14.169075557989107 7.733274908070469 
-14.571861312328842 8.648569197411865 
-14.150642909528846 9.555528434170949 
-14.43365797141464 10.514643898933029 
-14.409256141032413 11.51434612993684 
-15.408991589213313 11.537346861458577 
-15.618017895116187 12.51525687952803 
-16.120846344876355 11.65087065213209 
-17.07269041670663 11.957453206954703 
-16.07459470404665 11.895768943404253 
-16.517472934417906 12.792350714947275 
-15.797326623193285 12.098528482362033 
-14.880987275477635 11.698125935132305 
-14.373994439540693 12.56007620301823 
-14.423204268502872 11.561287740563085 
-13.787936679536452 10.788995638823858 
-14.368117521336734 9.974507952724236 
-13.733012218972233 10.74693351865826 
-13.586939265915976 9.757659697926394 
-13.142065265631192 8.862066529199314 
-13.189047309371002 9.86096226328072 
-12.633040647655875 10.692140097518617 
-11.872737639180421 11.34170867380843 
-10.911316225371465 11.066628930698204 
-11.335932846451223 11.972002182513613 
-11.877300760275057 11.131216370381873 
-12.557586219329265 10.398269104748522 
-12.415648693071084 11.388144722510525 
-12.017115640092241 10.470990751967213 
-12.976149547440524 10.754282058851636 
-12.029585042102724 10.431767505327914 
-11.752636734979658 11.392652324222285 
-10.888109367067214 10.890066580164238 
-11.152830373516668 9.925741537067053 
-12.150160286344109 9.998769237151398 
-12.028256112299957 10.991311111507645 
-11.127367575835194 11.425361621087324 
-12.050074412149062 11.039859229110757 
-11.062931189183999 11.199697451555041 
-11.38707836911442 12.145704114186524 
-12.144270503816566 11.492511898108281 
-12.9993450630347 10.974006837209243 
-13.779014877180868 10.347815986981233 
-14.653724649936272 10.832463088949448 
-14.39127966574167 9.86751613171755 
-14.277325955950179 8.874030071410333 
-15.052978407355543 8.242869810756313 
-16.051956714996376 8.19767754523378 
-16.97311371139225 7.808486348017131 
-16.9914406106676 6.808654299739546 
-17.98117587450593 6.951567236574784 
-17.096709799687016 6.484962733280584 
-18.096709336299934 6.4840000422882165 
-18.764977222834588 7.2279207583773095 
-19.11552357662627 8.164466141070191 
-18.947677699459593 7.178652892265861 
-19.92357358969007 6.960416297187798 
-19.143436350401323 7.586024711353507 
-20.1130688648729 7.830591239888234 
-20.583006137799096 6.94789142708963 
-19.583508548042122 6.979586348922616 
-19.29833486711568 7.9380622076206135 
-19.512695190944505 6.9613075549221985 
-18.573729816623842 7.305319220170424 
-18.56895830450019 6.305330603899192 
-18.73317280123781 7.291755258427457 
-19.725524619651317 7.41519701996464 
-20.570787125016757 7.949548306126973 
-20.345174370448994 8.92376536868354 
-20.1809251192851 9.91018423685877 
-19.96394095257736 10.88635936018355 
-19.71831814322044 11.85572484106453 
-18.988998185187068 12.539897625391852 
-18.2110201039752 13.168189042772278 
-18.262825645677296 12.169531851415329 
-18.99610591960948 12.849458347341132 
-19.942068177601904 12.525181603719465 
-19.057102745258373 12.059524880846242 
-18.71091371709687 11.121360099594785 
-17.826635389579895 11.58832031147989 
-16.843936075472314 11.773528459390537 
-16.319239961800612 12.624818062462142 
-16.03119403320871 11.667201467460975 
-15.639987204786225 12.587504253176427 
-14.729405732555762 13.000833882444162 
-15.675127200965266 12.675855569030217 
-16.67299688156942 12.741094365240464 
-16.52219102881047 13.729657764711456 
-17.439820256794423 13.33222022251196 
-16.474043691160578 13.591595674844083 
-16.509274946590406 12.592216488228292 
-15.89812913999307 13.383734525343362 
-16.89356459919339 13.47917165945086 
-17.706842900953635 14.061046563434498 
-18.39731218575086 14.784408275686127 
-17.59262535046938 14.190708774991812 
-17.30223770700489 15.147617870216191 
-16.379674850948643 15.533464700740094 
-15.964284403991067 14.623821486849952 
-16.508186172494998 13.784672592899483 
-16.781872457745035 12.822853578081189 
-16.466074356474667 13.771679989620218 
-15.822017310010304 14.536657453928548 
-16.388850382427886 13.712824784016966 
-15.390159514156906 13.66167256380947 
-16.080518334532144 12.938205426248883 
-17.078213414929575 13.006062088049797 
-18.068779021156292 13.14310142459482 
-18.380007871388777 12.19276642956256 
-19.31101789149417 11.827772809805513 
-19.099683400052985 12.805186607911153 
-19.9698299871853 13.29797958361392 
-20.84094076968252 13.789066138731327 
-19.84105870201994 13.804423572332176 
-19.529811647859148 14.754752605497126 
-20.229717022008415 15.468988187946625 
-20.023866349809587 16.447571603274767 
-19.522340484115507 17.312714253962966 
-18.52558849896993 17.393246732556122 
-19.479570384219212 17.093382492246896 
-20.31260398549732 16.54016009651293 
-19.34295858583122 16.784675533461947 
-18.501850394300682 16.24380862733787 
-19.463144552231558 15.968284505112663 
-19.255827033808618 14.990010797730648 
-19.263193791834087 13.990037932660703 
-19.808173575794843 14.828487117211615 
-19.82075915547499 13.828566318756 
-20.25437791877922 12.9274698932218 
-19.254743685867375 12.954514308370774 
-20.1644063194617 12.539166390304203 
-19.84056006607255 11.593056669306787 
-20.82744432785654 11.754486077541669 
-21.819914474247188 11.87697284631008 
-22.245300406361615 10.97196079735209 
-21.406586334254925 11.516532835975275 
-22.394234198845304 11.67322264282328 
-23.176943030824685 11.050834593177823 
-23.54564135993641 10.12128548629308 
-22.731702281432938 10.70223572210069 
-22.90318309667184 11.68742318142252 
-23.104450329375545 12.666959551875294 
-22.80308698823813 13.620468931283014 
-22.925205116241923 14.612984504366302 
-23.121151896410208 13.63236997289041 
-22.67328690871271 12.7382687745942 
-23.5773578407916 12.31088633488708 
-23.74885429989614 11.32570159864996 
-23.07720122528225 10.584835789368885 
-23.693021549731363 9.796949168086744 
-24.22789441015741 8.952016612683854 
-24.53607567130691 8.000688956050082 
-23.610093381633998 8.378255902712674 
-24.580839014655023 8.618366119010547 
-23.628019665292886 8.921904069654468 
-22.733114118693734 9.368159672046277 
-23.552104414533822 9.941967039827281 
-22.8624232479103 9.21785386607278 
-22.944185963204127 10.214505690125582 
-23.619405055447693 10.952122919770995 
-24.04028505968554 11.859239241988135 
-24.129262691328307 12.85527286645432 
-25.086683219602218 12.566575911084675 
-26.083629095472574 12.644671497292169 
-26.137388845050197 13.643225396350878 
-25.367783276987076 14.281744988537554 
-25.17010090124532 13.301478862263114 
-26.149788895691866 13.100950975082048 
-26.493659399969996 14.039968054952007 
-25.55608390429206 14.38774986859998 
-24.55977471932486 14.473586969844131 
-24.832614370616575 13.511527447422043 
-25.757469064335922 13.131206799145762 
-24.771725174491102 13.299459536519047 
-25.241867122542477 14.182050352629467 
-25.97920998407229 14.85756904559882 
-26.879094061064407 14.421439881272414 
-27.452320086579274 15.24083717420938 
-27.742804881622103 16.197716782022674 
-28.73293915529389 16.057594977508028 
-29.706147636452087 16.287519426407574 
-28.82196218571666 15.82038337694469 
-28.325854500411808 14.952122376679526 
-29.31420602200871 14.79993410591898 
-28.565905392104433 15.463293862977594 
-28.446435867976675 14.470455994640227 
-27.84509235463627 13.671465394593255 
-28.75830236132155 13.26397615094396 
-28.40376866251144 12.328932913222827 
-28.234540476686256 11.3433560156028 
-28.675733824340032 12.240768089282476 
-27.739773771727293 12.592874294727878 
-28.737920050804224 12.532013752790752 
-28.22618976812099 11.672867596549022 
-29.170124654552236 11.342735910432665 
-28.22549601606345 11.014594576025038 
-29.22507000783727 11.04378078799829 
-28.436308079044473 10.429081983959222 
-29.338634628823673 10.86013511010908 
-30.337773753021658 10.901620173648643 
-31.081434293099935 10.233062770630408 
-31.88322359643474 10.830669592092388 
-31.114290308817196 10.191340569449368 
-30.605433659504225 9.330489298642398 
-31.567789687914793 9.602281267953188 
-32.38602201505479 9.027393575596617 
-33.380599051161404 9.131396071957953 
-33.93735493332713 8.300719909019671 
-33.52608857648623 7.389204695909754 
-32.64567112828137 6.915005247474354 
-33.49762763444695 7.438617806149315 
-32.97728787108317 6.584658480032125 
-33.67119175749894 5.864590846807931 
-34.451378533655394 6.490137483207328 
-34.33415332308934 7.483242840159824 
-34.861265509297674 6.633447133445162 
-35.598078699998865 5.957350748298246 
-36.41459897288646 5.380033986057992 
-35.45730960179447 5.0909024243178305 
-34.76509284374725 4.369212768109161 
-35.75988159299318 4.267255206478334 
-34.81811964693166 4.603535501694118 
-33.86988798689738 4.921114970345081 
-34.55198442395592 5.6523772013894895 
-35.0444850957941 4.782065137679616 
-34.68572925130786 3.8486337025720525 
-35.67504215750389 3.994441705212397 
-35.68397223273128 2.994481579129145 
-36.220971223658786 3.8380644640567843 
-35.42943225303796 4.449183157919543 
-34.62680932186769 3.8526964184528145 
-35.21620816386381 4.660538609139606 
-36.12489658616511 4.243063638422095 
-35.860712850933055 5.207536009223271 
-36.027684354036886 6.193497731173594 
-36.00759729131693 7.193295965774599 
-36.99617567920563 7.042588397950757 
-37.337493341369445 7.982536403690983 
-38.06664139540279 8.666892389490323 
-37.2651852388145 8.06883885587754 
-37.162485806994844 7.074126421701754 
-37.016450682589365 8.063405827350065 
-36.38838844799915 7.285242714961963 
-36.36281726199118 8.284915718721765 
-35.622451364743554 8.957119808409345 
-35.50381276015443 9.950057309716021 
-34.59777245353471 10.37324871177948 
-33.92547495796422 11.113529791808979 
-33.94823016455013 10.113788725045573 
-33.00565048652581 10.447770087662665 
-32.32177747956006 11.177371150123255 
-32.89371735216877 11.997666695716632 
-31.89388895475888 11.979141692807914 
-30.901936749493775 12.10575457710369 
-30.019830635164233 11.634703833486364 
-30.60090146710538 10.820850844140486 
-29.60174822262868 10.779707265641747 
-28.706642027597894 11.225560267894183 
-27.713266335989196 11.340472126816309 
-28.667714779152558 11.042096240821756 
-28.996355599031677 10.097641259624039 
-29.438193844480477 9.200546523902819 
-30.43190504409895 9.088573081726487 
-30.21595630011624 8.112168380809758 
-29.279880137202845 8.46396579015971 
-30.262951279551345 8.280741531171945 
-30.422687643818207 9.26790124161945 
-30.284553054972363 10.258314708492952 
-30.351249771251194 11.256088003403987 
-30.765725718894007 10.346027736814134 
-31.14696794434927 9.421552552977424 
-30.60577187380268 8.580656118673573 
-30.790491949216527 7.597864943632251 
-29.807985348238866 7.411637182449011 
-29.126807618210922 8.143755274094053 
-28.189231849642013 7.7959741961262905 
-28.88862138973091 8.510714898209388 
-29.03726043439783 7.521823380195149 
-29.432255557291974 6.6031401633625775 
-29.988146190825997 5.771884725155317 
-29.08351217592551 6.1980740012815785 
-28.72737075785298 5.263641932946331 
-29.634761556204026 5.683929856955399 
-28.639728561770585 5.783475524811001 
-28.07917863164853 6.611596153608617 
-28.292708419632092 7.588532707149171 
-27.32909811473105 7.321221689253308 
-27.16066080930685 6.335509320384258 
-27.78176607094603 5.551782165078198 
-26.805088607343677 5.33707042322118 
-27.427427349836837 6.119818460326372 
-26.852662947172483 5.301499524073586 
-27.599307377625497 4.636276182275137 
-26.625874644528693 4.865249355672563 
-25.680962542850875 4.537925173701833 
-26.33527558478477 3.7817013687636316 
-26.672396309417476 2.840239942563322 
-26.773264567106942 3.8351397337939224 
-25.78974406317327 4.015936355283536 
-25.512781712228783 3.055055584240998 
-25.410812499053606 4.0498431392317285 
-25.44298303255334 3.0503607448023207 
-26.311970800682992 3.5451943116114504 
-26.16678078250144 4.534598101082888 
-27.159949175314186 4.417908154996052 
-26.520775435806296 3.6488457838430355 
-27.030742661724307 4.509039615772495 
-27.729265202329984 3.7934515637021775 
-27.260417502234027 2.9101725397721783 
-28.245873917384976 2.740244161218619 
-28.078511916131053 3.726139673195563 
-28.974457716437655 4.1703030698335155 
-29.88597236412871 4.58157067984512 
-30.139764031341308 5.548829585026897 
-30.323086562254193 4.565776763628325 
-31.004709643981386 5.297480238033582 
-31.143541146465953 4.307164220836103 
-30.99112007777174 5.29547986769095 
-31.082116028242414 6.291331130178445 
-30.86143555213574 5.315984972414274 
-31.71626682195894 5.834891033404566 
-32.483951343605405 5.194063072697138 
-33.285580298815475 5.791884967720071 
-32.37160529030289 5.386114486025777 
-33.133955723200685 4.738950042116396 
-32.615883763664776 5.5942870778763485 
-31.63180358807872 5.772012169010159 
-30.794377287831487 6.318562433536882 
-30.759940662092557 5.319155550026609 
-31.483405927538755 6.009516332294013 
-30.796600092170927 5.282675397491426 
-31.7198345924853 4.898438416671946 
-32.0371387770188 3.9501146035798502 
-31.044369013433855 4.070148750852609 
-31.596312926849922 4.904029987266378 
-30.629952815874695 5.161222786380092 
-29.879201670802257 4.500637653204645 
-30.445427335001785 3.6763873895093253 
-30.184414817387168 2.7110519733722813 
-29.494103532001237 3.4345644675759575 
-28.94486863836455 2.5988964523857767 
-27.982551065459116 2.3269683573360096 
-28.979767665561205 2.252409303688353 
-28.51877749048466 3.139814542845129 
-29.43743995149278 2.7447711493622093 
-29.452655283420814 3.7446553894991963 
-28.647931438605035 3.1510060539610274 
-27.648373092407297 3.1212888443604943 
-26.69395712879568 2.8228090822269234 
-26.477942077737083 3.7991991158283276 
-27.24953567482688 4.435314923625954 
-27.988810629695855 5.108718622088825 
-27.10054764287388 5.568053865938135 
-28.09070808188414 5.707990655307497 
-29.09057830551089 5.724100773389002 
-28.28920423415805 6.322264294312314 
-27.369210896557306 6.714198292289325 
-26.470232377499464 6.276205572860598 
-26.0326920252191 7.175404349620428 
-26.922908604848715 6.7198668194952536 
-26.947443742989076 7.719565787683394 
-26.51602217833132 8.62171623719182 
-26.498929066744875 9.621570139287668 
-27.015447647784807 10.477846120172625 
-27.09920843518116 11.47433201093814 
-28.099013108750356 11.45456803590288 
-28.764389061090995 10.708059601893734 
-28.166361879923087 11.509535422230421 
-28.62551050479145 10.621175956540156 
-27.76635215658851 11.132885769533027 
-28.74614898782908 10.932890345858043 
-27.746335481818825 10.952202342116385 
-27.104579953268868 10.185293063534122 
-27.467093789379174 9.253314673962459 
-26.506866528557264 9.532534314343387 
-27.088919848810065 8.719383693374127 
-26.26419134699679 9.284912559389674 
-27.19506626791232 9.650250596843346 
-27.372422203136196 10.634397370572175 
-26.828526849363953 9.795244318891514 
-25.976952365388964 9.271010689444939 
-25.183660347193317 8.662169352258411 
-24.21118501298095 8.429163506090257 
-24.888406695839368 7.6933844684258155 
-25.886399515459114 7.630057286367663 
-24.937666484411245 7.946135814266543 
-24.034861435794298 7.516085765793399 
-25.03302408321407 7.455494270548997 
-25.048444147047157 8.45537537429653 
-26.02547526369096 8.668472059183369 
-25.252940046205566 9.303443978046552 
-25.49639817426388 10.27335538631142 
-26.477874158634357 10.464940594780145 
-26.69004318037436 9.487707610168037 
-26.390068900674247 8.533760320472009 
-25.579480994283934 7.9481433415397325 
-24.682713633668246 7.505641024105827 
-25.231340256634383 6.669573545625308 
-26.194694443096967 6.401340975967903 
-25.78788483589103 5.487828007540552 
-26.73716215027679 5.1733879013318225 
-27.374971330046954 5.943582324968421 
-26.769868682400713 5.147434860103081 
-26.49699823171711 4.1853840729074525 
-27.372066024309323 3.7013837026929313 
-26.452238696911127 3.3090602547937618 
-27.279785103362265 2.7476629399001027 
-27.32607067487787 3.746591188509318 
-28.27349512516826 4.066570736280654 
-28.585525443218398 3.116498591326635 
-29.46577678279381 2.6419908683381763 
-30.426812588260354 2.3655669536504766 
-30.059482686771005 1.4354762357783835 
-31.022292761039136 1.1652971083688097 
-31.451035756758063 2.0687236098740285 
-31.9425586953229 2.9395882381972744 
-32.63144576780263 3.664456916904186 
-31.797658253206073 4.216542399871174 
-32.26704182586101 3.3335480274532703 
-32.20853916698147 2.335260774752914 
-33.16032991706481 2.6420088278124014 
-34.04754707748741 2.18065678191723 
-34.98572950986503 1.834515591681203 
-34.78499447815689 2.8141611638373427 
-33.83647771782234 2.497434222507045 
-34.82013157241916 2.317364529507839 
-34.88606712342443 3.315188413323831 
-35.82896664304147 3.648265725529207 
-35.704356118738936 2.6560599922092227 
-36.659404636731175 2.952509529703931 
-37.65687382947192 3.023609526420682 
-36.824466086384255 3.577773174856503 
-37.13281556947951 4.529046319791695 
-36.72595870211919 5.442538240654573 
-35.85267319652042 4.955329429454393 
-35.38471845778018 4.071576996648377 
-34.91119915360872 4.952360436874733 
-34.621626183874305 5.909516377774224 
-34.20154200655623 5.002031235214305 
-34.175643957691875 4.00236664593197 
-34.99775766922909 4.571689968221251 
-35.85027916183739 4.048997798162322 
-35.31453337550647 3.204618468459927 
-34.91692528132119 4.122173809264148 
-34.016244869819474 4.5566560256287465 
-34.03856404832513 5.556406921737788 
-34.062472321641536 6.556121078118014 
-34.10334792225035 7.555285321510896 
-33.1332714761549 7.7980850100008565 
-34.05960982512572 7.4213924785829635 
-33.345526846415886 6.721331410163288 
-32.71133815188041 7.494509720595879 
-32.95567438236749 8.464200293135061 
-32.10780931277005 7.933988237673732 
-31.24845344756509 7.4226102004665835 
-31.99285980612078 8.090337070782478 
-31.64438893997436 7.153017458565193 
-32.04550109767586 6.236988508725698 
-32.95586215077888 5.82317363104104 
-32.12544807380775 6.380320344903916 
-31.998677517110128 7.372252412111432 
-31.89074650205887 8.366410797878007 
-32.69526532429745 8.960337952219215 
-33.294089552257255 9.761218432695763 
-32.335132761624614 10.044770674266072 
-33.32900151962991 9.934204441351115 
-32.68373867275035 10.698165080675475 
-32.74066262049751 9.699786563191811 
-33.598219522990426 9.18539745076159 
-34.53053257275725 8.823745163012042 
-35.18967241033652 8.07172476799873 
-34.27132665681692 7.675945692007445 
-34.946792764804165 8.413336725964708 
-35.31764866621913 7.484646303711042 
-36.013121038130606 6.766093466469536 
-35.1453191594679 7.263003819943362 
-35.69629557688564 8.09752463301486 
-35.85496738810654 7.110193251803932 
-34.993363918732996 7.61777522701924 
-34.00668502521121 7.780455161487596 
-33.9032388998666 6.785820103211854 
-33.27266464887421 7.561949031924982 
-32.35738136112401 7.1591382783878155 
-33.062675420985634 7.868053145719507 
-32.07614211706628 7.704492636249873 
-31.716407199658768 8.637547184064633 
-31.3989124164451 9.585807202536415 
-30.725597576620384 10.325163088745363 
-30.023832218646625 9.612754931613537 
-30.994001701771015 9.370327264021421 
-30.922731001841345 10.367784274288798 
-30.043739140237864 9.890947502180305 
-30.350360343978743 8.939115879771965 
-31.00142147149568 9.698141181218746 
-30.172144383319072 10.256978824032231 
-30.438612941746626 11.220822435501198 
-31.24466873061625 10.628982875122066 
-32.23766623827054 10.510847572217436 
-32.153873097874374 11.507330742984784 
-31.71321430739576 12.405005422573067 
-30.866688630602795 11.872657530184817 
-30.447297328725117 10.964851969555589 
-30.7730541693297 11.910305554243552 
-31.578177616509866 11.317198283338255 
-32.39496794085612 10.74026365441194 
-32.821814461354414 11.644587737878979 
-33.817876462771174 11.555928337172496 
-33.90018647868198 12.552535110820338 
-34.39372991833842 13.422256257609405 
-34.3657460414102 12.422647882978588 
-33.646683154515685 11.727702874585171 
-32.963915943023316 12.45833885433907 
