0 0 
0.9212131676996684 0.38905822142289004 
0.0709838063230761 0.9154706386901426 
-0.731771696700647 0.3191623271891797 
-1.2931628017185164 1.1467129463097359 
-0.6854762462888664 1.9408899104367792 
-0.742824526563155 0.9425356773363321 
-1.008981779894693 1.90646529950748 
-1.3115552727850255 2.8595913569627065 
-0.7560637148648534 3.6911135329023623 
-0.8127345635059602 4.689506449000176 
-0.40067506603536335 5.6006633896774005 
0.5956402139985102 5.5148970631207375 
1.0204045492812406 6.420201022833618 
0.10807591611276701 6.82965976935266 
0.1892930995468079 5.8329633415899025 
1.1518455307398796 6.10405892843024 
0.16205766875088667 6.246607124698232 
-0.7948075197490659 6.5371394138451535 
-1.4188636787915565 7.318518905744662 
-2.303730861266625 6.852675509978838 
-3.0961485488615894 6.242696651011866 
-3.74790999211563 5.484272613228642 
-2.829909944720746 5.087692340165305 
-3.5563600940386477 4.400473175301578 
-2.829588337722494 3.7135941362989797 
-2.4647309924025382 2.7825307026028248 
-3.1754820580230647 3.48597431990224 
-3.1692295991548924 4.485954773090252 
-4.075369973743547 4.90893186648933 
-4.993354465038552 4.5123155862613835 
-4.663417546017027 3.568312604557097 
-3.8140488039978573 3.04051269921344 
-3.8313811855173316 4.040362482206297 
-4.831370271999727 4.035690553685496 
-5.726525619180415 4.481444863158576 
-5.984915752735667 5.44748551389813 
-5.397563322406174 4.638154232786348 
-6.375159987894371 4.427667274457909 
-6.986978952056056 3.636669452025937 
-7.370177786803466 4.560335329412466 
-7.95371467044712 3.74824869276127 
-8.899583628759176 4.072797477540483 
-8.578116008859146 3.125876905709979 
-9.390049598860221 3.7096267197810118 
-10.389793952968256 3.6870164029077643 
-10.918498099884271 2.8382102265436844 
-10.143953993457295 2.205690323932521 
-9.15725254692579 2.3682334117973536 
-9.509785798172391 1.4324341241477527 
-10.308154694266015 0.8302654552930482 
-11.06927038637115 0.18164931054230093 
-10.133892286585404 -0.17199996549429097 
-9.854410985587837 0.7881511696884507 
-10.377580833556761 -0.06407726810048642 
-9.38955541712428 -0.21836847486036456 
-10.38674255944031 -0.29332048083477 
-11.317796031193966 0.07156228490714062 
-10.992058449101878 1.0170225049126147 
-11.51484704840756 0.16456014185134615 
-10.567907806109385 0.4859727604520457 
-11.146854180304867 1.3013383813889996 
-11.62490121934708 0.4230041463378017 
-11.553797099502473 1.4204730451718075 
-12.136544110589647 2.2331266743822886 
-11.15938546504761 2.02061554186813 
-12.108703612870915 1.7062987363783073 
-11.612334146832344 2.574410107795929 
-10.772349376814404 3.1170200838725832 
-9.886514536917456 2.6530193980705596 
-8.912664344414374 2.8802105126893047 
-8.144766036888548 2.239638745204214 
-8.020847903271445 3.2319311900816574 
-7.586103188827131 2.3313774530605222 
-8.483730738476664 1.890622666234361 
-7.7276791881098434 2.5451347388410674 
-8.72736362817385 2.5200146215261463 
-9.109216562431019 1.5957915225942976 
-8.381341213797981 2.281500992306021 
-7.885141157373572 3.149709206966775 
-8.619810725006154 2.471284099534455 
-9.610458964055612 2.334843392748654 
-9.267059094927692 3.2740326867053766 
-9.290332784391474 2.274303555701011 
-10.283039282667596 2.1537473104029825 
-9.837715323953873 3.049116827303987 
-10.58558544998692 2.385271759093555 
-11.459346002839938 2.8716281061046636 
-12.252189898075818 2.2622033299532527 
-11.32944043076972 1.8768029918808624 
-10.34191284905415 1.7193568888773347 
-11.202665396615169 1.2103332628370322 
-11.812109374867402 2.0031623978794384 
-11.61781035761646 1.022220048964214 
-10.749211241759284 1.517735513841077 
-11.122642282112986 2.445393456242451 
-11.615603354739402 1.5753420894398849 
-12.531772584281148 1.97613373461339 
-11.55242498871437 1.77394993937359 
-12.173130045798237 2.557994091262061 
-12.94154311687512 3.1979482710266676 
-12.085975209210318 3.7156388691391626 
-11.237855407545354 3.185834374987044 
-12.23186960159458 3.295085379690285 
-11.245657430578994 3.4605711909875865 
-12.118134921002776 2.9719168871041357 
-11.898592967441859 3.9475199470760978 
-11.88893662783683 4.947473323541937 
-11.744098868248447 5.936928741131541 
-11.317580116210452 6.841407460704286 
-11.65258837624142 7.783622651470718 
-11.032070093792255 8.56781463124757 
-11.753278716855808 9.26053255509448 
-10.754683537642105 9.313519988049384 
-11.382244982237687 10.09208702643279 
-10.802535731101486 9.277263619707686 
-11.770481975860116 9.528421074818349 
-10.809654822195853 9.805569375880125 
-11.31420190413255 8.942185195975743 
-12.097466774317516 8.320497056202969 
-11.13456445547537 8.050646867452953 
-12.128862674292291 7.944011732260561 
-11.21949838457778 8.360012439702292 
-10.487576266679811 7.678624141203004 
-10.56188145831039 8.675859689354365 
-9.564867956532098 8.753087127948332 
-9.818065841505927 7.785672619557653 
-8.95168554462966 7.286287816840759 
-9.617937640408119 8.03201440539102 
-10.112343419348733 8.901245632251932 
-9.90640952850175 7.922679726142066 
-10.554559064007732 7.161166640487341 
-9.986793033827952 7.9843566155076235 
-9.15862053478096 8.544829908200736 
-8.487970593131537 7.803055915824603 
-8.899419383644577 8.714488794749517 
-9.091266058471945 9.695913704438324 
-9.166181296627453 8.698723799208581 
-8.20747004725934 8.983105128298646 
-9.052105108243758 9.518447648332176 
-10.052035489400359 9.506647951725249 
-10.393442778526065 8.566732496520986 
-11.3919700237474 8.512479933902302 
-10.476693383603994 8.109654075735527 
-11.417444388769134 7.770555939083645 
-12.38421777146076 8.026190886848994 
-12.916436982019372 8.872797473117 
-12.79671641576542 7.879989845217298 
-11.911038471684739 8.344289941457884 
-12.891674471240915 8.540129254095715 
-13.730961648878893 7.996440893495198 
-14.353431438835804 7.213797066080071 
-13.420926265477462 7.574953682605271 
-14.405313183422086 7.750971851495543 
-14.006024713074602 8.667797198793254 
-13.079019476057802 9.042845583063107 
-13.904387561507386 9.60744059147293 
-13.863059450007615 8.608294962848221 
-13.25078030083076 9.398936628511793 
-14.11885353711846 8.902500473058748 
-13.118903765378464 8.89247779890808 
-13.03990414815758 9.88935244522975 
-12.8066635024461 10.861771491314355 
-12.577995356299054 11.83527592321884 
-13.154140739038342 12.652623155396327 
-14.070133752716165 13.0538173713235 
-13.304435138419802 13.69701689873675 
-13.815995865632786 14.556264024058285 
-13.821938546848585 13.556281681944201 
-12.884702073342542 13.207587270274104 
-12.857837661419845 12.207948183717336 
-13.405358078945012 11.371155860381931 
-13.950648047294461 10.532908372811907 
-13.810842972463101 11.523087417758525 
-13.653340830777957 12.51060606333672 
-13.994987037607297 11.570777425041886 
-14.066140010299092 12.568242840220337 
-13.900764255922667 11.582012208033104 
-14.321144295441918 10.674664081692507 
-13.331403977555789 10.81754201263589 
-14.230687397078675 11.254908370934313 
-15.217558205047418 11.093396735504781 
-15.328443640799435 10.099563540175662 
-16.222948469426168 9.65250525363636 
-17.05195666786857 9.093268803719793 
-16.88343582024342 10.07896689335764 
-17.224881107371658 9.13906524110996 
-17.025574618664994 10.11900244499571 
-17.724825813332398 10.833878494920597 
-17.712570853611165 11.833803400082095 
-17.793089232237644 12.83055652433271 
-18.784353831692002 12.962444711326821 
-19.39689376832803 12.172005070351036 
-19.213483545226357 11.188968606092565 
-19.91378021077651 11.902820537671754 
-20.900460248173914 12.065493534206068 
-20.615506849546392 11.106952162845069 
-19.964107248385254 11.865687004279883 
-20.96258533349191 11.810537085315739 
-19.967952727055824 11.914006782397365 
-19.43492611776244 11.067908304804362 
-20.433934976994557 11.112420091734812 
-20.225526184753573 12.090461898262863 
-21.046578226272278 12.661315246433798 
-20.715577228938486 13.604945650651485 
-21.369584372209385 12.848457278929464 
-20.46392587800889 13.27246517022689 
-21.339495132472937 13.755557791405554 
-21.696834429375155 12.821583152087424 
-20.811929760433422 12.355810968627397 
-19.86898525071897 12.02286104506625 
-19.912610247047784 13.021909021739699 
-19.036287884101093 12.540183875832273 
-18.16587937197762 13.032514071963899 
-18.22085936237835 14.031001528397647 
-17.221650412889232 14.070769295003966 
-17.2485266276816 15.070408064299373 
-16.44866978101063 14.47021724061613 
-15.771558960515835 15.206098302180338 
-15.893544352785907 16.19863019792612 
-16.860294646892783 15.94290794851425 
-17.84005981232235 16.14305844341939 
-18.129751973783414 17.10017831657427 
-17.198824994302516 17.465383681916254 
-17.901244899739993 18.177146476985797 
-18.619757963835877 17.481633014338563 
-19.133115889358447 16.623458416542075 
-20.028833163041096 16.17883434428943 
-20.92436630668583 16.623829162948905 
-19.980684904084324 16.954684736249487 
-18.980857654208194 16.973271570437444 
-18.243120938676803 17.648360111709593 
-19.131327363726555 18.107804718273147 
-19.096367457595118 17.108416002625788 
-18.494273642133837 17.906841351286058 
-18.104467357394242 16.9859444730323 
-18.094470095218774 17.985894499158103 
-17.120976064220102 17.75718207796075 
-17.574739787458114 16.866060041720385 
-17.26673322540037 17.81744427415719 
-18.26115280820324 17.922941635916466 
-18.62557191676769 16.991706588620087 
-18.444896075236613 16.008163889858597 
-18.000276840853523 16.903883564989492 
-17.619827393781854 17.82868528331773 
-18.610307207788246 17.691027235801926 
-17.62191735314214 17.539088118940427 
-17.556536979374854 16.541227704490566 
-16.666925815370963 16.084508997976766 
-17.666112423503836 16.044183793353294 
-18.507301988957643 16.584924133046606 
-18.953411249559323 17.479902639830662 
-19.910941412707103 17.76823575735653 
-20.728682849774554 18.34382149562917 
-21.067140410860098 19.284803152912684 
-21.56793277247892 18.419235702886837 
-21.00835383367455 19.248012760512456 
-20.186148300160987 18.678822053754455 
-20.98900785510592 18.08265384340303 
-21.87290858818569 17.61497928341388 
-22.052743992994273 16.631282568375482 
-23.023597083013556 16.870957927142317 
-24.021102436103988 16.941548794511473 
-23.752799815186805 17.904883473430992 
-22.753835083254373 17.950374839152005 
-21.79221458235772 18.224757805560767 
-22.745125852148533 18.52800706261783 
-22.87420349053475 19.519641553379742 
-22.51366912247951 20.452387483122138 
-21.522686432747182 20.586377440398355 
-20.530751325870323 20.459630670241502 
-20.647533412330194 21.452788232908212 
-21.247877560843804 20.653046459993064 
-22.114483234865293 20.15405286709456 
-22.96492564109219 19.627984702603488 
-23.896887710132994 19.2654289112152 
-24.742365813562074 18.731418820840528 
-25.456625368215885 19.431299731128654 
-24.702562390035375 20.088101851205575 
-23.97599298521028 19.40100877165077 
-22.983097376969432 19.282020069934866 
-22.108091335825154 19.766132069332752 
-21.402521889636446 20.474772850409426 
-22.395212967351007 20.354089694062317 
-22.32111552697835 19.356838687880714 
-22.153996400756427 20.34277539865419 
-21.157542042569748 20.426910480818393 
-21.881340825453172 21.116921583552596 
-21.133868887712598 21.781214969256798 
-21.18506240224109 20.782526216906888 
-20.23794807946757 20.461629879132115 
-21.196554204173214 20.746365366342317 
-20.823613807309847 21.674220667769966 
-19.855634487569283 21.92525061927893 
-18.901257002486112 21.626647846407806 
-19.863157028078593 21.353246418530798 
-20.72268752728539 21.864330874304315 
-20.792502206791916 20.866770895894295 
-21.343023438933326 21.70159205815691 
-22.052516404403335 22.406304575392536 
-21.07344073769472 22.202808042598775 
-20.505904739434282 23.02615662654031 
-21.225475732300623 23.720575510374378 
-20.237454813841115 23.87489551778245 
-21.230785518209675 23.759595423425765 
-20.26257877325319 24.009746775652307 
-19.32351516040206 24.353490184344 
-19.663047506834474 25.29408456330132 
-18.763857698666836 25.731643346652135 
-17.765382434513295 25.786844314700847 
-17.95670181503984 24.805316477787937 
-18.498013208470706 23.96449427580827 
-17.81448736962321 23.234567959233903 
-17.9343088582407 24.227363411915615 
-18.720387214935432 24.845490273600262 
-18.99971614235538 23.8852947985503 
-18.171358616056402 24.445494592038163 
-19.14761959879057 24.228897053753634 
-19.8858198223594 24.903478724067117 
-20.88555162408028 24.92663740770699 
-21.05742709362097 23.941518722994246 
-20.861488913506566 22.960902473091434 
-20.173191094450814 22.235474246260484 
-19.196322591177534 22.021633353743123 
-19.561042804220293 21.09051619344693 
-20.164994686467402 21.887536973558827 
-20.992108627239215 22.449571250966287 
-21.991831891466198 22.47309559927498 
-22.85604417484851 21.96996825033524 
-23.735133630629754 22.44662507524624 
-22.825955196102495 22.03021833395767 
-23.339466633967888 22.888301082404123 
-24.32037117977906 23.08279085593214 
-25.28736011837774 23.33760920815151 
-24.680805436551214 24.132650979352444 
-24.86902902734067 23.150524775715496 
-25.677111379061763 22.561455244304387 
-24.95073483977814 23.24875221300012 
-25.935763983647103 23.07636431978027 
-26.705723239578816 22.438271266844353 
-27.115808994540128 21.526224297890554 
-27.75219501650271 20.754853549773514 
-27.560765759965058 21.73635996327342 
-27.378205382718978 22.71955460761388 
-27.01745701468047 23.65221779170423 
-27.967419706374315 23.96458117686611 
-27.074254566925834 24.414310021475806 
-27.27057396825006 23.4337700209334 
-28.270363914666877 23.41327458134656 
-29.094960753884017 22.84755375553837 
-28.260699954145355 22.29618371824997 
-27.265715140303527 22.196157620534702 
-27.036001372717717 21.22289938913795 
-26.661319710904404 22.150052910568363 
-25.670370960893 22.284293645261062 
-26.61912679040663 21.96828355687162 
-26.421796848302385 22.94862068967295 
-26.248416661637453 23.933475659133954 
-25.74647405758717 23.06857472709652 
-26.28299063344387 22.224684945293824 
-25.75026652219099 23.07097391561651 
-26.173828340053785 22.165106714284676 
-26.4083480590455 23.137218076940233 
-25.96958672147866 24.03582170961515 
-25.006091566790197 23.7680959415392 
-24.02093558212283 23.939757486079827 
-24.051567996076137 24.93928820357449 
-24.61974863483911 24.11638434422341 
-25.339365678022833 24.810755506613894 
-24.834359189209138 25.67387105290886 
-25.599551285952344 26.31767308387936 
-24.599551481181887 26.318297951101208 
-24.912706904295607 27.267999841682915 
-25.471581713284234 26.43874780045665 
-24.48280889207049 26.289321202994838 
-23.539842311239404 25.95643379344661 
-23.09332256977332 26.851207575182006 
-23.616909683391548 27.70317971935864 
-22.797064215246348 28.275764567535553 
-23.412791815936174 27.48780548119366 
-22.41299425924781 27.50792625752 
-21.424394202622416 27.658491618876006 
-21.628168555332152 26.679473736926074 
-22.397386090099396 27.31846073539052 
-23.38192001664921 27.143266707317643 
-24.380818484985838 27.09634283327958 
-24.02948552701682 28.032593415466174 
-23.82585787627136 29.011641820731146 
-23.53889912118776 28.053698882513597 
-22.86590951659408 28.79335082235344 
-22.719157049091898 27.80417757499885 
-23.70632290148199 27.963875977855434 
-23.713017556497142 26.963898387309413 
-24.665868795664625 27.26733621622498 
-24.702208751892098 26.267996730573888 
-23.70321081907361 26.223240387734116 
-23.094060287077138 27.016295007144667 
-22.896543592633027 27.996594530461838 
-22.404650018002656 27.125939196108828 
-23.36187876684489 27.41527139685726 
-23.89325944575175 26.56813824670642 
-23.84861567745381 27.567141216648032 
-22.950440549104375 27.127503367032613 
-22.10925097327272 26.586763043483355 
-23.10749106590321 26.52746112559642 
-22.974957217359442 25.53628264570989 
-22.446578513824022 26.385291447578414 
-23.09218827681572 27.148958936692495 
-22.512005192215952 27.963445025182835 
-22.343023050755065 28.94906413816071 
-21.42720180415268 29.35065029861903 
-20.491925734787113 29.704569320532368 
-19.499981647314048 29.831245787672987 
-19.479111075601974 28.831463601776274 
-18.776379196822944 29.542918383577405 
-18.819477591711415 28.543847551074506 
-18.68884933603915 27.55241613195364 
-18.15097724596943 28.39544259341498 
-17.15707866721476 28.505740440852946 
-17.620834597788107 29.391703440564587 
-17.02452927703356 30.194461165186294 
-16.17695740231647 29.663780548253136 
-16.9456380791062 29.024147827756376 
-15.96333038840847 28.836873695009498 
-15.682794143283742 29.796717127643863 
-15.030068676890124 30.554311653443275 
-15.727973947044958 29.838121571209438 
-16.353115071453733 29.0576098323016 
-15.38181477126273 28.819753306536867 
-16.260397259598495 28.342162675148714 
-16.39529192677723 27.351302731076526 
-15.430055560310029 27.0899241610881 
-16.36152515146362 26.726104974188672 
-16.870613826672134 27.586819050275757 
-16.07624785608306 26.979379584345136 
-17.01486121028456 26.634408612646627 
-17.182800848097077 25.648611332242893 
-18.10493080744816 25.261731069025487 
-17.16504159541756 24.920251539465518 
-17.742934666361478 25.73636403082624 
-16.769069742406604 25.963491990114317 
-17.67212843855393 25.533974829441206 
-18.518474197766096 25.001340944053144 
-17.819471563460638 24.286221851010573 
-17.24199122421319 25.102626442976256 
-17.499508811354385 26.068900054492673 
-16.681067762907773 26.643490561042867 
-15.693529797739433 26.80087152352301 
-14.737472575712872 26.507691394232413 
-14.744518861655484 25.507716219613357 
-15.40937676215556 26.25468607987723 
-16.068901836930156 27.006368643027105 
-16.569508221265096 26.1406936185733 
-17.403418681285228 26.69259337819366 
-17.322037693204084 25.695910311828563 
-17.876048512512853 24.86340084516237 
-17.92456136442101 25.862223403577897 
-17.082202025662873 26.401139672034283 
-16.515645254144435 25.57711696321698 
-16.547611435648758 24.577628012182487 
-16.680712513617863 23.586525543694258 
-17.423511158995108 24.256040422114246 
-16.50037652330907 24.640517267186617 
-16.699277580447067 23.66049769112225 
-16.320166704647594 24.58584894543088 
-17.091274478799082 23.949144303824475 
-16.474357881991317 23.162115770299085 
-16.265664986974876 22.184134545750446 
-16.71858735199278 23.07568450580125 
-15.827517591738737 23.529550876400346 
-14.846574437734917 23.723845829018885 
-14.890846148952525 24.72286535614829 
-13.933888588855709 24.432637466079903 
-14.339277663062525 25.346781709902366 
-14.528288897505977 26.328756634864384 
-15.491409093065187 26.597828166071217 
-16.37124816054734 27.07309989396184 
-15.803699922132969 26.249759747319672 
-16.36369619605923 25.421264621692064 
-16.10403711125726 26.386964968424838 
-16.841248481653132 27.062627158693793 
-15.927542325702152 26.65625164198876 
-16.921125681244888 26.76935387710564 
-16.089133951710483 27.324141910489878 
-15.645898616689054 28.22054719705865 
-16.05933111956848 27.31001242805592 
-16.75540524490947 26.592042503873312 
-17.608988157330526 27.11299951901255 
-17.336232491773302 28.075082855790832 
-17.998185250074116 28.824628415298687 
-17.90948471855966 29.820686754809508 
-17.681458540362648 28.84703175325256 
-18.350945794890457 29.589855296245656 
-18.987756802713353 28.81883536114956 
-19.900707352564286 29.226905567764643 
-19.561813439177712 30.16773016112386 
-20.521704343545906 30.448103932563363 
-21.47805917385871 30.155896063851092 
-21.566986244047477 29.159857923924893 
-20.834228798017545 29.840347839564863 
-19.846977354032344 29.999516260896275 
-20.357947600637043 30.85911465961787 
-20.34409575848384 29.85921060098576 
-20.55785921379828 28.882325149578058 
-19.565415238199204 29.00502378566297 
-18.603020731245284 29.276679473961448 
-18.24971996707427 30.21218926548486 
-17.285889892243162 30.47870678245337 
-16.375579435300757 30.892632949760188 
-15.696990117591978 30.158115054885233 
-14.844995408866142 29.63456465969564 
-15.090259342993543 28.665108315853203 
-15.638030048444989 29.501736820178287 
-15.270050513074874 28.57190293095463 
-14.961899251937966 29.52324030552778 
-15.017435329673365 30.521696986646077 
-16.009581479101772 30.396612942202417 
-16.93615863100095 30.020508194055832 
-16.25559454194754 29.28781963764806 
-17.227116471976654 29.05086998166075 
-16.442775343027915 29.671199727392334 
-15.753873235416847 30.396054116996915 
-15.756757765970924 31.396049956730003 
-16.756643204087524 31.380913555494 
-17.41565252986256 32.13304832303339 
-18.05330276861578 32.903374340390954 
-18.199791384124527 33.89258669652402 
-19.143458568459913 33.561690572024915 
-19.473022076880962 32.617557163063445 
-20.472905094103965 32.602261677813665 
-20.219944493018787 31.634785097064224 
-19.222140419085854 31.701019755988717 
-20.18212336379464 31.981078224648826 
-20.728319382918226 32.818735618034424 
-21.6749445670392 33.1410720273771 
-22.654294223304603 32.93889821410535 
-22.05162060277429 33.73688600042597 
-21.287423066984783 33.091903732225326 
-20.35296474160905 32.7358312141395 
-20.370128700817773 31.735978525737714 
-21.01798948570702 32.49773728243349 
-20.371362777894113 33.26054387701893 
-21.107502993633844 33.93737294168051 
-20.230391620044614 33.457085904253496 
-20.11707615795736 32.46352684408045 
-21.049568190224 32.10233629913328 
-20.962880398489446 31.10610077137682 
-20.857378363918894 30.111681684320725 
-19.931852442241055 29.732997424940447 
-19.245640174155238 30.460398774353905 
-20.19453596542272 30.77598834533948 
-20.992512732162123 30.173300134284936 
-21.83631312724651 30.709957281125856 
-21.935628971695134 31.705013240879605 
-21.04727272958985 32.16416810267743 
-21.223788678798332 31.179870322696683 
-21.430808218180893 32.158207130914505 
-20.734829987916385 31.4401442485721 
-19.74453400446209 31.301169915854548 
-20.12941232020704 30.378202591368286 
-20.356091741692534 29.404233166861026 
-19.990027963533862 30.334822931644734 
-20.624815535710113 31.107509632844245 
-20.889425206061368 30.14315403330816 
-20.073275603955896 30.720994692126038 
-19.80224715917494 29.758423353408944 
-20.76596082178798 29.4914852023459 
-21.75575513374794 29.348981798836675 
-22.323129629631158 28.525521914312076 
-21.35947081680953 28.258385820773196 
-21.818172698214678 29.146976043539222 
-20.822259001130398 29.237286109201484 
-21.169252689408115 30.175153573343103 
-20.213219649990535 29.881894596426825 
-19.587793240150045 29.101611438929474 
-20.301336408878846 28.401000172705142 
-19.623380534548566 27.665897572749827 
-20.556788222765526 27.307079948353433 
-20.24659266039478 26.356407179686162 
-21.000887872196337 25.699871778162954 
-21.753952908345024 26.35781786359122 
-22.721545812344015 26.610333154476347 
-23.7202594584128 26.661038707978822 
-24.239594368799562 27.515609507183648 
-23.258404223800802 27.322565731429776 
-24.078009969960185 26.749637794545457 
-23.45753743314359 27.533865969923248 
-23.207157606150044 28.5020136560924 
-22.887829771691134 27.55436934827444 
-23.40362332154997 26.69765643607805 
-23.0740474238788 25.75352735185585 
-22.729656921257273 26.692353843655106 
-21.82547083760057 26.26521507683389 
-20.825576547723287 26.250675163807834 
-21.68116003898945 25.733010321006233 
-20.741818067484836 25.390028308985453 
-21.64573869789701 24.962328070599664 
-22.010740501358363 24.03132125887917 
-22.748733678159027 23.356513085398987 
-23.746964607872883 23.297057127223113 
-24.459779651214834 23.998409188591307 
-24.724676609278333 24.96268591319307 
-24.6873731465454 25.961989896807733 
-25.404406254184885 26.659029008012308 
-25.813879154152513 25.746706727131205 
-24.826613043306033 25.587629304553186 
-25.428718048839244 24.789212394466823 
-25.0678551319057 25.72183126366378 
-24.090720793437658 25.934454133051393 
-23.260029886423336 26.491188016521512 
-23.955874201162903 25.772995361557246 
-23.665435910348332 24.816101637453723 
-23.22741142105607 25.715064677172407 
-23.612303470921443 26.63802627439649 
-22.676860574225607 26.284548429233176 
-22.461001809229302 27.260973026206372 
-22.396329921755637 26.263066443919936 
-22.92239850635038 27.11350859027822 
-23.76820242749301 27.647002476822156 
-23.180023763710807 28.455733494819725 
-24.075807443124106 28.90022376433839 
-24.74926425031915 29.639450339106002 
-24.11272820969018 30.410697296299606 
-25.039334081788315 30.03466331140828 
-24.039646003335577 30.009688408015645 
-23.656582697212826 29.085966315878455 
-23.069837552691276 28.276194659557746 
-22.49783664889909 29.096447648617172 
-21.61238438211509 29.561177982517467 
-21.254138535852654 28.627550694122515 
-20.825654683754816 29.531100132997555 
-20.455463937753983 28.60214436894022 
-19.587566378096604 29.098887588260588 
-19.049102187135418 29.941535981751322 
-18.68421912916227 30.87258933897859 
-19.448021030222975 31.518040077560592 
-18.463200045529437 31.344466957212852 
-17.744694480085535 30.64894574802787 
-17.832946951374584 29.65284760963418 
-18.647101517432084 29.07219940067481 
-19.13124933397496 29.94718562441594 
-19.011489372620073 30.939988500950992 
-18.11154960347869 31.37600273456929 
-18.421686754282963 30.42531090874401 
-18.743381526572833 31.372154334808407 
-17.787448240938375 31.665738314984626 
-16.889055414292418 31.226545499661913 
-17.164215024631325 30.265146940874693 
-18.163806367451418 30.293732730335947 
-19.040596368107302 30.774606200959827 
-18.955190072750096 29.778259993703855 
-17.957115482823458 29.8402850930006 
-18.831376965717475 30.32574040456692 
-19.552670035803448 31.018370397453417 
-19.531569690763256 32.018147760389375 
-19.194275405032453 32.95954701937217 
-18.32406211006167 32.466871851278526 
-17.368842693964524 32.17097344453894 
-17.726470473653734 33.10483765907688 
-17.997327591164783 32.142218096688076 
-18.54973252783056 31.30864219375705 
-18.351177005096016 32.28873183475506 
-18.66267306454675 31.3384843906929 
-19.617533648814995 31.04143007813221 
-19.80755730720486 32.02320958965816 
-20.79482613630959 32.182270141267196 
-21.280251603740613 31.307992087345347 
-21.078300784798255 30.328596423311392 
-21.130284096866234 31.327244376929904 
-22.072689758642813 31.66171645147642 
-22.92653399609215 32.1822450464398 
-23.54500968452123 31.39644111235562 
-24.446588638114903 31.829055710395185 
-23.863316382130105 32.64133243380809 
-23.04997980127116 33.22312587330073 
-22.359268896987953 33.946256875750684 
-23.288564554116927 34.31559355364935 
-23.045490005351155 35.285601163795945 
-24.040695888179936 35.187799063700965 
-24.753498894677836 35.88916335843484 
-24.81260388889057 36.88741513011327 
-24.36381276371932 35.9937784444476 
-25.30736081718937 36.325014117032666 
-25.12541394152479 35.341705755207194 
-25.015385653351622 34.34777729912915 
-24.704126025166232 35.298102214019785 
-24.361160349178814 34.35875427789894 
-25.351632057697355 34.22103792220957 
-25.623931628036654 35.18325044758691 
-25.06514691783805 36.012563203818395 
-24.512654735581787 35.17904512450295 
-25.475590630806433 34.909314774545976 
-25.668341362300886 35.89056252894257 
-25.278720216823373 34.96958730506475 
-24.540982076976604 34.29450032028765 
-25.0439824203 35.158786531340766 
-24.048157718407623 35.06750037082913 
-23.412636465021517 34.29541699677257 
-22.744365362676724 33.55149916947518 
-22.50738931979507 32.57998367546587 
