0 0 
-0.9167783943438357 0.3993962639589139 
0.03336535546657349 0.7112084745861031 
0.3543384805469491 1.6582967772148165 
0.923275706545208 0.8359158235969654 
1.629884715781901 0.1283116206236229 
1.9078924022316546 -0.8322672289638826 
1.8213796832685896 0.16398351731318683 
2.2667476325650715 -0.7313641189373628 
2.8078421489391845 0.10959766637149715 
1.8078629112092557 0.10315374605303072 
1.0879859010106632 0.7972553886008173 
1.6774769070764985 1.6050303286475418 
2.2662079326853455 0.7967013241663496 
1.6185945504063688 0.03473222565041645 
2.460172924489659 -0.5054027947614486 
3.3080286415461053 -1.0356298056300948 
3.402677425522841 -0.040119078569996636 
2.5933798552197063 0.5472798001329193 
1.8027436471781288 -0.06500639645625372 
1.211556933203978 0.7415283326288895 
1.4598908062122027 1.7102028329212917 
2.3717648162572362 1.2997326271762337 
2.7073735808272548 0.35773116372525493 
1.7497309048729897 0.6456903712376287 
2.7438822124015916 0.7536865644074414 
3.1900371040174473 1.6486423245918451 
3.0869079359109466 2.6433102966738162 
2.666548053320029 3.550667761572932 
3.664185266339072 3.481965569471104 
4.516249677639463 4.005402517914103 
3.745264854713815 4.6422560354660645 
2.890692198843161 4.122924180253834 
3.8192109814832 4.4942096099230575 
3.699801571770694 5.48705471006311 
2.7378224254691625 5.760177616610652 
1.7641215194370174 5.988007697135985 
1.363420800685182 5.071798695874939 
0.7299609124612634 5.845574225348016 
-0.22038065687939157 5.5343654504345485 
-0.35554614921142197 6.525188486946437 
0.6438556744889028 6.49060532942048 
0.14773760386959883 5.6223502632072275 
-0.8039713079929334 5.315348395002106 
0.1361967744382575 4.97463740783313 
1.0712649570755017 5.329105310215675 
1.5158044609949566 4.43334606273059 
1.6255139797319411 5.427309754974174 
1.380412755923757 6.396807248569557 
2.1453138328279655 7.040955013100943 
1.6667438002920063 6.162905627269752 
1.7823263998833394 7.1562034993462555 
1.4571207346747583 6.2105601864019695 
2.445569489418043 6.0590047204944355 
2.7225467268987376 7.019881200546665 
2.8352094854159677 6.026247916662069 
3.4276568573743047 5.22063876114082 
4.393800692572108 5.478642810933223 
5.186182930382928 4.8686179022598814 
5.724808198048858 5.711163343783248 
5.146637029509269 4.895247845787551 
4.895989274005276 5.863326201428668 
4.312884686644479 6.675723296572905 
4.534271285430267 5.700537173887569 
4.401738726594693 6.69171582622452 
3.7871515054023357 7.480564701198084 
2.9495434166851218 8.026836327511859 
3.049836116453147 7.031878351327316 
2.560030695747397 7.903710129738302 
3.4016065186084576 7.363571134316079 
2.7841094363126317 8.150144305328249 
3.2376830053885097 7.258925467199381 
3.4019248465362737 8.24534556919264 
4.067141458549806 8.991995995497506 
3.8490048345996715 9.967914236587218 
2.8808483775048277 10.218260146451069 
2.8991305408217625 9.218427279165514 
2.521439983235275 10.144359157172751 
2.630651580288372 11.138377681682789 
1.8727240607825129 10.486038908363515 
1.0421683219120341 9.929103396271394 
2.008533764143609 10.186276163221109 
1.018554950342462 10.045060200154346 
1.955497722589219 9.69557738006935 
0.9584872575454197 9.61831074695293 
0.13892925535363776 10.191306978217513 
-0.7752529963028533 10.596610334675695 
0.012944675757448398 9.981188178949465 
-0.12211677233550994 10.97202540334055 
-0.57264172323118 10.079261566359877 
0.24857185257161296 10.649882511398868 
-0.7050203312338312 10.348781287580094 
-0.9746036755388318 9.385804226340662 
-1.9567845296618644 9.197866018958155 
-2.951566659531557 9.095843893456289 
-3.560289513929904 8.302460955315363 
-4.530207389747049 8.059028594750137 
-4.785953475060507 7.0922846059677696 
-5.77924395758748 7.207930692461577 
-5.729934747803416 6.209147131408197 
-6.438411391245257 6.914881391379598 
-5.486769093503367 6.607673095351422 
-6.004763631947113 7.463057019763408 
-5.5077939609640465 6.5952891094769175 
-6.286899113301911 5.968395847748422 
-7.284168238596437 6.042249024621806 
-7.929437309605538 6.806204406826194 
-6.949703129452846 7.006506519247739 
-7.072482183622762 7.998940549225118 
-8.023840572422394 8.307026926821678 
-9.020141876252199 8.22109839845635 
-9.957424329868473 7.872527599129934 
-9.760874643177075 8.853021464822888 
-9.967397171495632 9.831463310461611 
-9.029388300973325 10.178074560742767 
-9.293909828322542 11.14245434151839 
-9.818706807854943 11.993681767224157 
-8.819126629310011 11.964708216180426 
-8.306442141763844 11.106131128069217 
-9.134236581929782 10.545099609497969 
-8.430504649956832 9.83463401010443 
-9.196246786594994 9.191486297540028 
-9.700214202627334 8.32776363164681 
-9.177207642128664 7.475434975742674 
-8.195009951841474 7.287584776928547 
-9.123135367276143 7.659852440343221 
-8.779584617310777 8.598986553342122 
-8.07131256978109 9.30492614472945 
-8.365593444877842 10.260645123588972 
-7.420933629417143 10.588696694311867 
-6.426977082591159 10.478922457708896 
-7.356837800006687 10.846834194688675 
-6.5367031454233535 10.274663635893944 
-5.948262659414466 9.466123102323966 
-6.788102822410403 10.00895687118784 
-5.837847974445151 9.697483398932919 
-5.6386855806019325 10.677449898808623 
-4.725176509138966 11.084268256746006 
-4.390645736056967 10.141883429904466 
-5.39064533466812 10.14098745137171 
-5.234264683722305 9.153290588964138 
-6.134045959897423 9.589631802975234 
-5.2561983693606456 10.068571890865957 
-5.6694849998297965 9.15797090191665 
-4.82409030260328 8.623828780472099 
-4.736713687093331 7.627653430916597 
-3.9826542401265286 6.970847256737242 
-2.9916496427514927 6.837019427114466 
-3.2670993547413687 5.8757039449939015 
-4.248779835657444 5.685169346066614 
-3.3497775839934394 5.247225341080761 
-2.780376586764169 6.069285256387616 
-2.1699821226517435 6.8613828502363186 
-3.1489702613294677 6.65746565054898 
-2.1501094741506126 6.705184911193269 
-1.351516427824017 6.103313540916523 
-0.5692900179889566 5.4803192843165505 
-0.17304336454879637 6.398463385009613 
-0.8515082507578595 7.133096217233523 
-1.4987326353556316 6.370796672446806 
-1.9275011594266904 5.46738228648324 
-2.561147244361721 4.693759226429762 
-2.3491299857459387 5.6710251483000835 
-2.8988832547235637 6.506352235882196 
-1.9411104026521802 6.21882629994763 
-2.4972030140662955 5.387705967185503 
-1.5563391070899324 5.726490719718986 
-0.9923703234052745 6.5522868271385155 
-0.49807855271472873 7.4215828902997405 
-1.4190133099121895 7.031866104690429 
-2.2874539105951284 6.5360728785512885 
-1.4293944334414848 6.0225225561224 
-2.0344652104874625 6.818694242861495 
-1.3651980904583212 7.561716128170333 
-1.6877307360391236 6.615157787372129 
-0.8823614947573359 7.207931256074295 
-0.06406791918256738 7.782731764227394 
-0.5614257379936042 8.650277267395689 
-0.019970552678116427 9.49100688046696 
-0.25008050335493204 10.46417151741156 
-0.957046961461514 11.17141859383693 
-1.3087679992667955 10.235313732421728 
-0.47800108213092807 9.678693278797747 
0.5191220131102046 9.602893985023048 
0.48965065818042913 10.60245961030165 
-0.4725279422017801 10.874879031354066 
-1.1405020144133264 11.619063577587811 
-0.37845123675813297 10.971546309651956 
0.5211562805441774 10.534846968213051 
0.10690663951223506 11.445010269442509 
1.1060184314563692 11.487148461123942 
1.4178190558818695 12.437296013143031 
0.7627206057299262 13.192839539757165 
1.1276033616759313 12.261786064164463 
0.18109680096956204 12.584470632341809 
0.45312513504006924 13.546759874442554 
-0.4975006141414182 13.85709950290327 
0.5014977332406771 13.9018465913878 
1.3360764244690682 14.452735335280344 
1.695445078977301 13.519539659038248 
2.483471921666641 12.903898777353909 
2.678040472282853 13.884787700275922 
3.669868970937973 13.757209374312884 
4.508973752513488 14.301179194741469 
5.057670197972002 15.137200851602815 
5.515181114621113 16.02640485583744 
6.308458326991627 16.63526548384164 
5.8091560416306365 17.501693338791657 
5.613845107065371 18.48243471083591 
5.709200520712218 19.47787800158041 
4.7250435602483885 19.30057860177715 
5.705722376762068 19.104953810809015 
6.699362689862044 18.992353063997182 
6.668505817732354 19.991876877341504 
6.932003185718032 20.95653699213045 
6.432248624228666 20.090369930721064 
6.904658077612993 19.208990722687926 
7.4110408821198686 20.07129951616028 
8.315993050960707 19.64578621189088 
9.112740288906775 20.250098911430868 
10.102761165915705 20.109178142605025 
10.791842180799671 19.38449382862653 
9.898491593758807 18.935133473639862 
9.796483234246958 19.929917015215466 
10.755512270846008 19.646609219770482 
10.991691406215992 18.674899687031463 
10.359537351778771 19.44974241395002 
10.367023667727121 20.44971439109414 
9.482802122059498 20.916782114424667 
10.079337353564739 21.719369005404698 
11.052553180287434 21.949262360281388 
10.175095685855862 22.428916762393854 
9.699585541485954 21.549206524530664 
10.64203980149341 21.214871411517095 
9.833821403641288 21.80375427030426 
10.790136331056685 22.096092703635364 
9.858197684829266 22.45870869841194 
8.985517376214727 22.94700070014495 
9.736165370131527 23.607703045553748 
10.734185411909435 23.67059975619606 
11.701595663902099 23.41738560900146 
10.913732155342743 24.03323550295334 
11.69210525770538 23.40543353296729 
11.880773943864078 22.42339273602291 
11.191634278424376 23.14802127639215 
12.111968104502223 22.756887477575287 
11.957269534178844 21.768925761545812 
10.964859038435039 21.89189489563049 
10.60702804789731 22.825681264245276 
9.613212572762858 22.714637122647066 
9.926133120490718 23.664416429017603 
10.651000347387312 22.975527828900542 
10.964822602463517 22.026046079618922 
10.778357321546077 21.04358452871101 
11.06569124989395 22.00141500098686 
11.823358139645919 22.654056467776687 
11.367167446549098 23.54393851138238 
10.45804471808182 23.960466859258265 
10.814642579979445 23.02620888370224 
9.959351494711798 23.54435669993009 
10.958041991101682 23.49319721966957 
11.581782832303091 24.274828438990653 
11.764306023078795 23.29162689056375 
11.855920510165431 22.295832340590792 
11.125848423430272 22.97920248053705 
12.071711415465037 22.654636308086747 
13.03532854873405 22.387349906505204 
13.90251531520618 21.889366862561324 
13.318958309325279 22.701439039702812 
12.319354042692234 22.673308804563128 
13.315517010028014 22.760826474257733 
12.46893229559979 22.228572473524547 
11.693415580484851 22.859899508093267 
10.69624310399097 22.935046378441008 
11.287431969105727 23.741579530744325 
10.84147402344254 24.63663344571251 
10.071326504127851 25.274499261141923 
9.557471085829775 26.13237606411873 
10.095475201267593 25.289433852711586 
10.441928651335868 26.227501018183116 
10.469138977956852 27.22713074869596 
10.036900243910232 28.128889960897183 
9.037569419255993 28.09231260593706 
8.089311537004907 27.774811442555436 
8.233869854816593 26.78531516022212 
8.11925640231333 27.77872532551402 
7.593008687512893 28.629056638983847 
8.310787715085038 29.325327611793703 
9.307750453443402 29.24744758659475 
8.447343655701404 28.737839754630443 
8.99010120646536 27.89795033268925 
9.99009895096534 27.90007424298703 
9.14667730128241 27.362822048160314 
9.167479392687227 28.362605661245258 
9.671778045039758 27.499076351241584 
9.300856598768387 28.42774059664783 
9.02556121719336 29.389100286297577 
9.993498870575731 29.64029084974419 
10.480471312244223 28.7668735147574 
11.029190605592067 29.602880175680532 
10.34334496584998 30.33062721857852 
11.343286090407652 30.319776070328817 
12.326805123169123 30.500580694705356 
13.204350000408798 30.98007520815718 
13.79023067263173 30.16967787479804 
12.828966061828886 29.89405068452455 
13.614927725356823 30.5123259173007 
13.246051521816304 31.44180445199719 
14.226579751616525 31.638182634504428 
15.064466851703244 32.18402620871618 
14.249398024693418 31.60466206826838 
14.665140064360708 32.51414464449141 
15.66258092032954 32.44264821909712 
16.51823045004354 32.96020389948351 
15.552668953745293 33.22037883460658 
15.000921707912545 32.38636745775613 
14.603989847588222 31.46851937759282 
13.69305514978235 31.055968803319406 
14.455109247820495 30.408455443099502 
15.369872344208552 30.812446132950807 
14.870076646550157 31.6785894586205 
14.147920694873434 32.370319739479946 
13.153171748264638 32.472664906540686 
13.290960865532348 33.46312649547919 
12.552568596002182 34.13749794823953 
13.249843784825858 34.854301485515194 
14.167834769780034 35.25090273556726 
14.84624255459878 35.985588299259184 
15.838980104792185 36.105888575385194 
16.37924433567651 35.26439314412786 
15.46597341850938 35.67174585598419 
15.170950416980569 36.62723600693758 
16.113446215067878 36.96145400553694 
16.781773808443976 37.705321082326954 
16.74812728299366 36.70588728695824 
16.58036694018193 35.72005947877889 
15.784084431915552 35.1151345520078 
16.577845462065614 34.5069048034628 
17.06357445705605 33.63279534611459 
16.325876139359977 34.30792584614284 
17.28023749823718 34.00927153647686 
16.759095458401962 34.86274149746927 
15.801727651361677 35.15161323724815 
16.471515476288904 34.409060700669585 
17.127728917296068 33.65448537650271 
16.351326945783597 34.28472340981358 
15.79634708067235 35.1165871903216 
16.621157669005377 35.68199632835682 
15.791430847920363 35.12382663877115 
15.941147328961598 36.1125556083602 
16.93837468803241 36.03814059427936 
17.81878862337605 35.56393462378476 
18.810808163171057 35.4378503953305 
19.775226895464595 35.70222987411303 
20.370464232401133 36.505779818246374 
20.765829660303748 37.42430373106486 
19.77108602192195 37.3219069835631 
19.075077870102696 36.60387310372097 
18.325855276223518 35.94155482311794 
17.60576053377798 35.24767906918047 
18.40480273629032 34.64640412491269 
17.421685807846455 34.82938255262235 
16.796788761897847 35.61008972049306 
17.794489933626537 35.67785676212246 
18.5448129347407 35.01678536355871 
19.542717641162202 34.95208453742939 
19.029061862882592 34.09408818461665 
20.020221671461645 33.96141477410219 
20.719451232056894 33.24651756359583 
20.3402916405066 34.17184885785503 
20.402672068224167 35.169901302487965 
19.42960316434096 34.9393868597831 
19.813446805997497 34.01598875562658 
20.701613089484262 34.47551095626253 
21.621917231868903 34.08430731938057 
20.78494012571587 33.53706941519657 
21.39135675706661 32.7419223412403 
20.446269251564516 32.4151049504181 
20.174431882391097 33.3774481556837 
20.174795539982696 32.37744822180713 
19.952443879593037 31.402481689498476 
19.8238887794841 30.410779321730818 
20.408790411444222 29.599675086178824 
21.322221506621 30.00666849443522 
20.962849131364784 29.073474251041752 
20.327378757229262 28.30134899980588 
20.903494617253905 29.118717041649987 
21.48680289494871 28.306466185588437 
21.874177226834842 27.384543668781426 
22.642695505357253 26.7447158360194 
23.20091727307634 25.91502405105068 
24.161632967914255 25.63748963211836 
23.2819415841175 25.161944608725463 
22.291214863522637 25.02607494655121 
21.293257924974156 24.962184815834938 
20.380477596912815 25.370635636257944 
20.416491839379553 26.36998691300679 
19.701334687317615 27.068950608669635 
18.70163045528363 27.044630895403667 
19.430154638028316 27.729650979164855 
18.464719011417056 27.469009365316015 
18.88771439469104 26.5628775284794 
19.549106047854256 27.312918248124692 
20.50945909609522 27.591704945680885 
19.678832385333646 27.034875288272616 
20.51360735019461 27.5854665686625 
20.318869383586232 28.566321871121144 
20.226606002242313 29.562056508694322 
19.581726170951097 30.326340489419948 
18.71051687472653 29.835428723242057 
19.671896608641266 29.560203347925693 
20.66320447889267 29.42864079102736 
21.448320914995506 28.80929259997391 
21.816101966171697 27.879380185605903 
20.992600364786338 27.312066240320096 
21.990590896102685 27.375429474162093 
22.96918980448598 27.581206480921903 
23.774035574578434 28.174690504602644 
23.04299576370418 28.857025316052958 
24.03823913312099 28.759605422643684 
24.728225241378983 29.483428032411428 
25.693652477619775 29.22275534200358 
26.16951469799704 28.343235502990485 
26.480288029466198 27.392751449232843 
27.45691616701114 27.17781545653851 
27.89947784931799 26.281077391463914 
27.454268855775382 25.38565070430925 
26.773487241085963 24.653164258632017 
27.386755741447615 25.443038771744177 
26.430628322215803 25.735989890863248 
25.51507020355002 25.33380419824705 
26.366056437034544 25.85899219355904 
26.210431912612254 24.87117591134947 
25.906986245787888 23.918327168218898 
24.936966991852717 23.675299089604394 
25.936866010656495 23.68951007814295 
26.936854185270654 23.684646886614605 
27.02241474168597 24.680979858660546 
27.232935567859716 25.65856923142762 
27.446651338557896 26.63546511603093 
28.445559822732122 26.682175288849635 
29.387892707314133 27.016852349066408 
29.745073628845724 27.950887567510467 
30.513975824074915 27.31152115130476 
29.516449202059466 27.24123147659754 
29.381144031368173 26.25042750467161 
29.57884601856223 25.270165333484982 
30.125972654342124 24.433115487645335 
30.854508930430047 23.748108265476148 
31.2284849789198 22.82066990355877 
31.191240603585673 23.81997609112391 
31.15485474933099 22.820638275562946 
30.182113613042105 22.58874458920773 
29.47695941404284 21.879690602804928 
28.605513823939354 21.38919841786292 
29.41879851438057 21.97106439237418 
29.81968522408775 21.054936756080988 
29.22920763311916 20.247882721605023 
29.902810690900957 20.986976031375185 
29.92340717299398 19.987188161412067 
30.655342585381664 20.668562179182683 
30.55733598784676 21.663747944173135 
31.337841221039746 22.2888971911201 
32.21451543040466 22.769981726970503 
32.62017494479816 21.855957461219297 
33.46756106603257 21.32498028511915 
34.46356199429301 21.414323169023483 
33.46409181936951 21.381775213044985 
32.9487048068136 20.52481767192133 
33.927243277808444 20.730881887114254 
33.121357595624296 20.13881071972761 
32.447023677162846 20.877237267471138 
33.066544659588466 21.662217364247095 
33.61840897080766 22.496151283693095 
33.61681224287241 21.496152558463958 
33.35226565395087 20.531779652223857 
32.66670884526577 19.80376051644136 
33.6385834967082 19.568261765099344 
34.010258975030304 20.496624484522112 
33.704278860554886 19.54458658110355 
34.2682109717412 18.718765429780245 
33.28843065516765 18.518689116202058 
34.288417179077186 18.52388064770328 
33.288486380998044 18.512116335023997 
32.434806455752835 19.03291436231801 
33.3050581781576 18.540307074865286 
33.504728955346344 19.52017011669146 
32.68168048219776 18.9521989811152 
33.67440911548834 18.83182514406982 
33.054737545783524 18.04696391703693 
32.58464471179776 17.16434694040707 
33.535920545120035 17.472688129574223 
33.97010699953538 18.37351115481405 
34.64118335806591 19.114899393877366 
34.801170710897665 20.102018458090942 
34.09211610744064 20.807172036622884 
34.22241263972977 21.798647106240587 
35.17090137588866 21.481836251976244 
35.01120906712654 20.4946694137355 
34.77744489891176 21.466962740699568 
