0 0 
0.4857021631130991 0.8741243668650682 
-0.02961937812783988 1.7311212800059868 
0.842613314511853 1.2420301536394258 
0.9107488138379233 2.239706230195132 
1.8820271289068042 2.001759944918485 
1.6337585299609043 1.033068713009452 
1.7644019092859398 2.0244981393623998 
2.1223687892863103 1.090763855519935 
2.92786891970488 1.6833594510955916 
2.1249795363847297 2.279487489483142 
1.3893992993200976 2.956925099038398 
2.1293435951004716 3.62959324838255 
3.1281087596447015 3.579912808640763 
4.1110069663209865 3.3957630996740003 
3.4348305342497145 4.132502831676669 
2.979560595280745 5.022856291079838 
2.4462257156092573 5.868760485493012 
1.4495019129498665 5.949641022164104 
1.4279411261495207 6.949408561381372 
2.411262602450559 6.767532575486734 
3.359662260554137 6.450455158269714 
3.57020998053501 7.428038739152114 
2.801841518095193 8.068046478111473 
3.762652386456354 8.345251231387948 
4.710638118111615 8.02693840950036 
4.78656308924894 7.02982487596579 
3.833711671015531 6.726387609351122 
3.826858626440953 5.7264110917368045 
4.620345861616666 6.334997985789907 
5.190190915087845 5.513245824226319 
4.240946079959509 5.827783966559135 
4.326373515900583 4.831439571689302 
4.804406684004341 5.709781356072058 
5.756925833818052 6.01426004044613 
6.464873887726264 5.307995534069394 
7.155598794636626 6.0311131614120495 
8.079799821652541 5.6492068094581604 
7.827041339681437 4.681677404327927 
7.737738042006005 3.6856729259121455 
8.331991892238982 2.8813953858283234 
9.31853242097053 3.044912312077795 
10.032290966956316 2.3445204660142798 
11.020582029162272 2.191940072897003 
11.96146883581724 1.8532189234796443 
11.047289866347432 1.4479081639640323 
11.884780295527982 0.9014561706187993 
12.153358323700726 -0.061801760977323705 
12.952349480017617 -0.6631445352146116 
13.346981194701828 0.25569484670444775 
12.387254807241888 0.5366312473596405 
13.31164434718282 0.9180810847534855 
14.269573105445186 1.205087171960575 
14.573927519530415 0.25252830730871645 
14.005130973707573 -0.5699499534739036 
13.006645962543612 -0.6249743342601133 
13.47126863163593 -1.5104831006568837 
14.369144331770315 -1.070234049427708 
15.227341644523445 -0.5569140981465366 
14.412508926488298 0.02278206504540259 
14.927375316781752 0.8800525008742544 
14.919136206502031 -0.11991355708061369 
14.196244213843075 0.5710474888181852 
14.020407153928168 1.5554667736559427 
13.046605535221286 1.3280675489346323 
14.020969830892247 1.1030915072732315 
15.013179141842773 1.227673541544157 
14.353782036362592 1.9794683654717762 
13.707100272176005 2.742228285675062 
14.165029986986225 3.6312166862145916 
14.919330830058085 4.2877456179008355 
15.335260269990911 3.3783487292998435 
15.381712873019955 4.377269224470418 
14.547496995333868 4.928707225896172 
14.989526711214449 5.825707632963266 
15.825265291181285 6.374835146347013 
14.939244712072309 6.838481060159907 
15.785217551321344 6.305255071246269 
15.918983657108361 5.314242140481702 
15.615134033927179 6.266962144728833 
15.062018527150933 5.433857567761657 
15.792346683519959 6.1169540353375185 
15.923055387342524 7.108374851512479 
15.852262160049216 8.105865863486722 
15.934411747870849 7.109245853041047 
15.273545890783373 6.358741809790089 
14.907926920957234 7.289506424987334 
15.28085503967352 6.361646188598937 
14.983918402274282 7.316543373310481 
15.801071724854964 6.740122999455295 
16.036503451819915 7.712013889390117 
15.846594126734775 6.730212255532388 
16.846574676098964 6.723975197468154 
16.108408179829993 7.398593773988242 
15.935084449122524 6.413728867326601 
16.584603393303297 5.653383458219468 
17.00384039385498 6.561260287623341 
16.96604631798592 7.560545836317608 
16.604934300523794 6.628023391094742 
17.53628924527035 6.26391081661243 
16.7706044334871 6.907126774906726 
15.773519186376797 6.830831231164084 
15.553155352929636 5.855413484294328 
14.636440076736905 6.254954599068371 
13.648514643498379 6.409884707054101 
13.67683486376173 7.4094836091764655 
12.803083453286732 6.923110837844689 
13.04888196146093 7.892431782310111 
12.177994368772422 7.400949533494128 
11.910986984415135 8.364644016563675 
10.949935677887652 8.641014033428412 
9.966253911278105 8.820931186696022 
10.957981716800555 8.949289901840833 
10.169848633230316 8.333785033799916 
10.501261131283343 9.277270993491026 
11.453932927729257 8.973270256227913 
11.945595570960105 8.102484493108616 
11.589396744548765 7.168074306914574 
10.689726218822482 6.731504787663179 
10.225532752233978 7.617238622162318 
11.142935010487172 7.219277447483253 
10.687476651174368 8.109534535594372 
9.975471698786189 7.407360093041309 
9.987965250959046 8.407282045572657 
10.61585824001591 9.185581727117778 
10.957950246180525 8.245915265378152 
11.494406439850813 7.4019870976572335 
10.802884974193795 6.679631186394946 
9.955491782116344 6.148665294815471 
10.320289402888385 7.079752130657896 
11.177704581562915 6.565126819019883 
10.956707150277952 7.540401208802291 
11.944939087485345 7.693364074502835 
11.45762105337599 8.56658863533 
10.754166290602225 7.855848600766794 
10.475355229070601 8.816194575906799 
9.620564550309302 9.335167499577 
10.613412541644038 9.21578213153476 
9.644982703495392 8.966495853165119 
8.695492976040406 9.280293968929783 
7.99649728271399 8.565168091401132 
8.933448474539857 8.91462833826204 
8.5302781194037 7.999503393383262 
9.521748680619902 8.129834227193335 
9.506054942468376 7.12995738148541 
9.38589381182861 6.137202979488937 
8.815793395752365 6.958778000768 
9.211494722039433 6.040398743394089 
9.811997142662554 6.840021681300307 
8.979738726813142 7.3944095682962505 
9.946080518070545 7.651671190909178 
9.335702974506152 8.443781823530845 
8.33964474237012 8.355080086264635 
8.696595153287925 7.420956751717419 
9.672197410914642 7.640502270718952 
10.298292446561318 8.420249028543944 
11.090540693034786 9.03044794361977 
11.999688820517365 8.613975036583888 
12.93522445970337 8.967207350809003 
13.89069193998167 9.262303765783221 
13.561807202233123 10.206673835870191 
12.563681347065751 10.14547925076331 
11.779748267454535 10.766324583105652 
12.521712354223315 11.436764210473672 
12.234384356731166 10.478931959055318 
11.834466472797834 11.395482932056975 
10.841155931672459 11.280009260212626 
11.803370131600984 11.007715607227636 
12.183417477117754 11.932682641864902 
11.286541042203629 12.374963842568404 
10.466521376613294 11.802628496774423 
11.46459157340843 11.74053274595912 
11.0391766583557 12.645531171400114 
10.140910818601471 12.206078692591962 
10.873097073471175 12.887183154609263 
10.044669670244929 12.327086700787406 
10.899034821314595 11.807413545200449 
9.932074245812819 11.552487584527016 
9.183358765587258 12.215379076153365 
9.254986923036862 13.212810480842617 
10.243802422980021 13.361954394805467 
10.383788934540556 14.352107805434906 
9.42554610006343 14.066152091777626 
10.135199049606225 13.361600680448962 
10.175570452701505 12.362415937865231 
9.24819243985259 11.98829026207647 
8.83740889085643 12.900023159296989 
7.92020495750435 13.298441211904388 
6.920683715327073 13.26750116606743 
6.616532718433269 12.314877331026281 
6.531744483890684 11.318478337006741 
7.1485075761791945 10.531329502293309 
6.1508397791782325 10.599586127079828 
6.676626216235306 11.45020274025337 
6.380097907686533 10.495178676562196 
7.355670793297301 10.275502676823761 
7.772139279847032 9.366352524367647 
7.095182142274751 10.102374965526845 
7.041364681612231 9.103824175167217 
6.524310072848092 9.959776587136343 
6.3244594662607385 10.939602967188781 
5.3372423716442245 10.78022163799076 
4.341563361995528 10.873083415622835 
4.277188736558347 11.871009218275429 
3.3141935836706367 11.601490507394765 
3.9691111471544325 12.357190834932373 
4.640257781942654 13.098515456547254 
3.8624360674919007 12.47003046823895 
4.130272014136752 11.506565935583566 
3.820317378466267 10.55581458858143 
4.4639196802325465 11.321174684981253 
3.4718389795740325 11.195572601475796 
3.7141956918700525 10.225385390673125 
4.713498013532112 10.188037433288299 
5.096484278174844 9.264283396168565 
4.551282814604011 8.425978341835584 
3.725966223391396 7.861308062584773 
3.4230053721435603 8.814311064999345 
2.4777347038561013 8.488023823944195 
1.9957147982642471 9.36418408931419 
2.196171464049408 8.384481519580754 
1.196772163227527 8.349825531400706 
2.128188813137048 8.713780232251409 
2.247537527202051 7.720927834132217 
2.787874588770448 8.5623765015479 
3.772644144517427 8.388511835574915 
4.415717680027311 7.62270740366895 
3.6743071468227213 6.951655675965871 
2.7222449754094566 7.2575602718186625 
3.7194031727063632 7.182224161197104 
4.212969584722068 8.05193227138692 
3.3029734976867338 7.637315434318792 
3.102855302151022 8.617087197443006 
2.652161958951651 9.509766036889632 
3.235572905286591 8.697588920925035 
4.0316470604849295 9.302788011659027 
4.974991993152539 8.970974301860377 
5.959970061388201 8.798294815253708 
5.350201567961216 8.005715239170787 
4.351196201965381 7.96112512018094 
5.209357380409222 7.4477447623448825 
6.124195080679597 7.851566483112863 
6.772077817047607 7.089826396261515 
7.647826220454382 7.572594180947365 
7.43115672682679 6.59634916532313 
7.862834943489888 5.69432149542682 
7.738285185892747 4.702108132342804 
7.862040071378503 5.69442095011672 
8.247486392217613 4.77169068955755 
7.299565202755556 5.0901956637241055 
7.492556070506862 4.108995110847887 
8.480723396418606 4.262374822675862 
7.503360094507161 4.473942722123671 
8.227186703662158 3.7839608094048094 
7.537478316788758 3.059873562537077 
8.113246522204797 2.242260589528457 
9.101475142096989 2.0892762935174827 
8.923650583821631 3.073338500125466 
9.041429984182317 4.066378284248276 
9.65998426670951 3.2806362148850075 
9.09509397116539 2.4554701988615184 
9.505672396902428 3.367295487126379 
10.486116750136727 3.5640920069405655 
9.516834582498689 3.810043383230487 
9.56499188024495 4.808883147493894 
10.559432656097034 4.703585743334504 
10.489228974985748 5.701118421074148 
10.300972230845 6.683238270321441 
11.296759152464038 6.591540905405759 
11.04975749247219 7.560555962028345 
10.736320034828687 6.610947116162861 
10.31482884843614 5.704114617961896 
9.440222727224558 6.188948747060945 
8.850350400876472 5.3814522216141185 
8.86803144683105 6.381295899702825 
8.943095379218402 5.384117176476869 
9.526864177062645 6.196037117520003 
8.539176425809353 6.039598931567158 
9.47439119226052 5.685517951265063 
10.034624552258027 4.857183126242051 
9.034737505379706 4.872212879565017 
9.872175567014216 4.325680636302247 
10.856578931050954 4.149754467489442 
9.957357388434186 3.712260904915181 
9.534443977392915 4.618431003054287 
9.958016452872556 3.712568785045362 
10.925482614583037 3.459568338513765 
10.057317705626401 3.95584415986346 
9.429641862976855 3.1773693455282874 
8.430968053761696 3.1258851461299804 
8.470268328223675 4.125112591923586 
7.5013693957792364 4.372569373418916 
8.37059845853665 3.8781597897154154 
9.308691612964513 4.22454286322736 
8.35386372169305 3.9273834816657245 
9.316623246972329 4.197742680665903 
8.862935729066905 5.088903516933305 
8.196992486150435 4.34290110593593 
7.787675577888557 5.255293383747912 
7.755935263821167 4.255797234449225 
