0 0 
0.9379266955541373 -0.346833553404074 
-0.0601029141852476 -0.4095782590249558 
0.3829733125143658 -1.3060622005061364 
-0.5983353070624853 -1.4985028228917827 
-1.3968575603867839 -2.1004681133744523 
-0.40545220388506764 -2.231294024797629 
-0.6443951332826967 -3.2023276372389695 
-0.7870901885643963 -4.192094337627577 
-0.04087255474428675 -3.5263922699006423 
0.12355321699627572 -2.5400028105147867 
0.15038095458031195 -3.5396428819885757 
-0.28853526689004905 -4.438170872943883 
-0.04625576846751264 -5.408377368822015 
0.13713102642397282 -6.39141820391455 
-0.22602434004542962 -7.323146801631972 
-0.1488305295342106 -6.326130695634301 
0.6088891069924686 -6.978710922443142 
0.9357638761115763 -7.923778584207806 
1.9350467058821028 -7.885912687601371 
1.10610422747873 -8.445246548098368 
0.3981126304414585 -7.739025691337104 
-0.2239019285203212 -6.95602001547033 
-1.0895398860667576 -7.45669049238587 
-2.0316301435456756 -7.7920499216007135 
-1.3853514807620053 -7.028948427675724 
-2.3081407231480933 -7.414253519955219 
-2.860541102488476 -8.247832442976069 
-2.2202446450632314 -7.47970455869593 
-2.2394963861075277 -8.479519226755349 
-1.2605411637418316 -8.27544406265415 
-1.8561913234001328 -7.472200085210783 
-2.7123428705971606 -7.98892489420696 
-3.6518079968989094 -7.646280360523962 
-3.6792115751050782 -6.646655909091576 
-3.136228297239903 -5.806912400656536 
-2.191661916861223 -6.135232904217186 
-1.1968765604183496 -6.237223563626885 
-2.101571762631382 -5.81116418854787 
-1.1020782418861392 -5.842987167482582 
-1.6793511673994823 -6.6595384331537995 
-0.7596582388363136 -7.052176838242887 
-0.026852296011137256 -7.732614528380716 
-1.0016466330140488 -7.509509170876567 
-0.2024520262144508 -6.908436812118958 
-0.005679413569906339 -7.888885963739296 
0.9808969842331859 -7.725585592343898 
-0.01866873873281094 -7.696117550816439 
-0.3654367548346373 -8.634068478641986 
-0.3986136847146163 -9.6335179727755 
-1.306465814868825 -10.052808456538804 
-1.9897319791850778 -9.322639059275021 
-1.5914125877454404 -8.405392275468635 
-1.8667966416660298 -9.366726568441825 
-2.38005705164889 -8.508493644612736 
-2.126434774728934 -9.47579697896548 
-1.1423075587276474 -9.65326140561363 
-0.20734241802405673 -10.008001008236617 
-1.0511364434570138 -10.544668170119703 
-0.540183383916178 -11.404276785098554 
-0.24602695263820434 -10.448519496903582 
0.11342494278088472 -11.381683113253697 
0.7550908840754358 -10.614698876269273 
0.13171755255104234 -11.396623226538644 
-0.5517003329523424 -10.666595834056634 
0.2758398551316058 -11.228002315232247 
-0.7212015929683647 -11.3048681123771 
0.24464644096991128 -11.563977308156732 
-0.6520876236523797 -11.121407520048704 
-0.5645410687077154 -10.125247090841983 
-1.3434929529446609 -9.498163394638906 
-2.3212749444867677 -9.288539023403233 
-2.158127462451686 -10.275140715630453 
-2.3128446671329086 -9.287181917615259 
-3.312817747011382 -9.29451945932624 
-4.28229313532759 -9.049330814709208 
-4.67290515225999 -9.969886218923426 
-4.201084930899686 -9.088191442532233 
-4.338830004120567 -10.078659157706925 
-4.668101810477262 -11.022894338971952 
-4.380761505928535 -10.065065779478216 
-3.450837860604313 -9.697313126371661 
-4.427436386471354 -9.912383624753756 
-4.3408825015182915 -10.908630795389403 
-5.27877232661992 -11.25556403964662 
-5.088819071283264 -10.273770904211762 
-5.8446306038400735 -9.61898168067939 
-5.6009981584579425 -8.649114044577884 
-6.326105897130589 -7.960478605962471 
-7.31903380720262 -7.841759755732242 
-7.156472045074487 -8.82845812579971 
-7.251298353342191 -9.823951958658718 
-7.381375210193163 -10.815455872575235 
-8.347836536491103 -10.55864367510318 
-8.16424426737076 -11.54164615664595 
-8.451731540032368 -12.499430614683138 
-7.670669235693348 -13.123883716797797 
-7.050214935903632 -12.339641112833657 
-6.1178614336548165 -12.701189099751533 
-5.3555446324056355 -12.053985040328836 
-4.592368557489912 -12.700175630384301 
-4.103969487534219 -11.82755523842316 
-5.07686424385604 -12.058803574896107 
-6.060543834244371 -12.23873262606196 
-5.835900426933122 -13.213173665608013 
-4.839300438730415 -13.295565798207939 
-4.3186236648232965 -12.441811912645083 
-4.1981518910989655 -13.434528665669687 
-5.180298545529327 -13.622645515503102 
-4.760485903811322 -12.715034725652215 
-4.521547041380673 -11.744000112458458 
-5.19771442101237 -11.007252072269681 
-5.882233471437251 -10.278257099992492 
-6.862271215091591 -10.477068621320885 
-7.647360156327306 -11.096451664638495 
-6.9003708960832295 -10.431615560715123 
-7.887152984510724 -10.269562760805117 
-7.228834658512861 -9.516823110158645 
-6.228864374979426 -9.52453232867034 
-6.150012906637863 -8.527645953028472 
-7.090545565435829 -8.187942674071044 
-7.799002433295094 -8.893696785913859 
-8.702850220053776 -8.465842630422259 
-9.187058415593622 -7.590889818339203 
-8.187355742904542 -7.615273546895524 
-9.091979887829472 -8.041483772510581 
-9.96518107504618 -8.52884368740237 
-9.261260639340588 -9.239122520112488 
-8.519395427530547 -8.56857348573391 
-8.747624116504241 -7.594965933621999 
-9.685464349684398 -7.942033213884181 
-10.66288832545747 -8.153320628521126 
-10.727075116437764 -9.151258530328473 
-10.37144788606803 -10.08588640976475 
-9.884448691993986 -10.95928882845343 
-9.241807722962612 -10.193121363128506 
-10.185324512171581 -9.861796645546496 
-9.196523536185152 -9.71255647036473 
-9.41784486153564 -8.73735553161154 
-10.368557531080302 -9.04742878096927 
-9.38322051598815 -9.218048142969266 
-10.29738567288249 -9.623390055335046 
-11.265172462243079 -9.875161241810233 
-11.264642691775686 -10.875161101481849 
-11.306470528677469 -9.876036268410367 
-11.317260432776328 -10.875978055700775 
-11.194671175369786 -9.883520563427926 
-10.439625283910408 -10.539192510204904 
-9.667269960332524 -9.904001787554689 
-8.97603370171733 -9.18137295144609 
-9.89636616971463 -9.572509945797172 
-8.907656949184368 -9.722356791738086 
-9.62362287438507 -10.420492017859432 
-10.414776640290096 -11.032109315435536 
-9.809044689376682 -11.827778093032489 
-9.15960485919801 -11.067365108544784 
-9.854873153845004 -10.348614805269257 
-10.817119387988287 -10.076434378204654 
-10.074174992194164 -10.745787517256161 
-10.986019244423588 -11.15632382463489 
-11.939640731222838 -10.855315419578176 
-11.441915655339212 -9.987980565651135 
-12.396159410847352 -9.688950709158973 
-13.28748452669386 -10.142315394441374 
-12.331292804000189 -10.435056559042646 
-13.306916119179077 -10.654508482887842 
-12.383730563503118 -11.038863045487627 
-12.866748647118735 -11.914473421682597 
-13.400476350086253 -11.068817026280175 
-13.092065206250066 -10.117563870512662 
-12.711322934880515 -11.042245071139318 
-13.167313587717095 -10.15226050693291 
-12.351170046498709 -10.730109726130715 
-11.352470868702481 -10.679119999036521 
-10.855781342965576 -11.547048288138361 
-10.621587861198357 -12.51923829688035 
-10.52029998604008 -13.514095455645325 
-9.780264310003671 -14.186663071720718 
-10.779365890687934 -14.229042683259864 
-10.265705029096617 -13.371049373688475 
-11.174957147887369 -13.787295195859135 
-11.032555561066106 -14.777104161301855 
-11.434294514518369 -13.861349929382023 
-11.273145646612953 -12.874419819205622 
-10.27813311988828 -12.974169865125315 
-11.219030190921497 -12.635477229065554 
-11.268030606956549 -13.634275987188726 
-11.923499371620931 -14.389498271386795 
-12.668840809608929 -13.72281533263856 
-13.585533512989745 -13.323222430338769 
-14.05118091605776 -12.4382520941037 
-13.869764869297052 -13.42165852990617 
-14.85675293182483 -13.260864983929784 
-15.747071090973188 -12.805526016246718 
-16.703864654250797 -13.096294097835012 
-17.602534258268253 -13.534920297252134 
-18.485978109533132 -13.066383253185947 
-17.515131476546074 -13.306084765942318 
-18.416738479323406 -13.738640903967054 
-17.589352679641422 -14.300274893754533 
-18.157777059155123 -13.47753938049741 
-18.111809144608607 -12.478596463793835 
-18.18015181679925 -11.480934557556134 
-18.636030390184704 -10.590892577463038 
-19.571710274227286 -10.943742622947042 
-19.230119727626377 -11.883591492964394 
-20.184546716023952 -12.182036000064683 
-20.752878089388933 -13.004835763098846 
-20.515642105766613 -13.976287814450199 
-21.007840849441695 -13.10580496181916 
-20.178166483449086 -13.664052618701623 
-20.14298607513557 -14.663433596542854 
-21.01042301350132 -15.160980737986414 
-21.978239987891524 -15.41263586724508 
-22.217693398639966 -14.441728011637279 
-21.913908898046856 -13.48898724038867 
-21.03597019729412 -13.967760294894243 
-21.984929273183948 -14.2831595217264 
-22.954586322350327 -14.527628757013687 
-22.100986122488408 -14.006700068232112 
-21.66792948594877 -14.908066780258341 
-20.925301602193244 -14.238362497556794 
-20.142843200439188 -14.86106535568777 
-19.84731021006511 -13.905732821121635 
-19.09019069815916 -14.559009213387032 
-20.058574030747938 -14.309542339505445 
-19.331131805874385 -13.623373402966479 
-19.18281445379484 -12.634433585246455 
-18.399525679091017 -12.012775563965475 
-19.10728778359034 -11.306324713987438 
-20.082169678851162 -11.083602262733258 
-20.49617537502665 -10.17332797245903 
-20.863304364391524 -9.243157931462264 
-19.921030115715922 -8.908315818993074 
-20.69849747702046 -9.537239106927428 
-19.84656854320817 -9.013581688634268 
-19.866632861849975 -8.013782997338145 
-20.518472061492822 -8.77214020723924 
-20.09598973436484 -7.865769045261696 
-19.74768841043258 -6.928386419144146 
-19.171024905780236 -6.111404655331713 
-19.372712211903565 -7.090854618601258 
-18.723812322545857 -6.329980822501305 
-18.477270469872686 -7.2991129677118955 
-19.4303415886468 -6.996366468873916 
-20.398627072275637 -6.746520071674212 
-20.45771479368355 -7.744772865899613 
-20.429704772936052 -8.744380508296231 
-20.252379193911764 -7.760228264472288 
-19.253587409550708 -7.711085905016782 
-18.71657327097122 -6.867512662810908 
-17.790856511419143 -7.24573016780559 
-17.573523736884106 -8.221827737269269 
-16.679321610280745 -7.774164295855939 
-17.674800054720322 -7.869152014304991 
-16.760562481674867 -8.274330567577442 
-17.52904301425674 -8.91420373551206 
-16.757347238457527 -9.550195582640347 
-15.760031814185384 -9.623420882290642 
-15.988153452081306 -10.597053522624604 
-15.012874627864704 -10.376075661664094 
-15.009045340232893 -11.376068329915334 
-14.642707695083 -12.30655031778293 
-15.605958399680905 -12.03794637125265 
-15.911464726624454 -12.99013641751309 
-16.317110779761215 -12.076106177545853 
-15.765538482954726 -11.241979088071105 
-15.587324468800663 -10.257987337516713 
-16.526673295745454 -10.600950573618551 
-17.52559715571905 -10.55457038414667 
-17.637252681900048 -9.56082341259242 
-17.353724877544487 -8.601859396501453 
-17.08305889637958 -9.564532719410131 
-16.382437329409544 -8.850999664887462 
-16.952724618338387 -9.672444981440057 
-16.124964621987 -9.111362644843766 
-17.076941601977 -9.41753225399712 
-18.069495857611606 -9.539335577521692 
-17.83763100295691 -8.56658756843817 
-16.861201287815863 -8.78242318039684 
-16.312978005311624 -7.946091169458434 
-15.937160656167453 -8.872784926900582 
-15.133576338909766 -9.467975858499422 
-14.565092014859149 -8.645281763887875 
-14.151479809656394 -9.555734916832778 
-14.41736877777967 -8.591731256761749 
-13.418535924288062 -8.543430834550222 
-12.731240294518981 -9.269808640722962 
-12.551853154786283 -8.286030081239923 
-12.18937381172584 -9.218021886919818 
-13.000570339046352 -8.633248260579553 
-12.904632575023022 -9.62863559495457 
-12.238126700893122 -10.374135373459124 
-13.210290758642705 -10.608436557450728 
-13.829910395852188 -11.393338783963298 
-12.911805064831151 -10.9970023092972 
-13.293256261800066 -10.072613330386815 
-13.269311620977952 -11.072326616372303 
-13.829132184306053 -11.900940481133814 
-13.489487567431 -12.841494325540289 
-13.485667882678198 -11.841501620562703 
-14.3932683151651 -11.42166658754427 
-14.509728485515744 -12.414861950361626 
-13.626038818993097 -11.946788694042604 
-14.511722427694481 -11.482499403537544 
-15.509474436148928 -11.549513802177815 
-15.62989297423706 -12.542237014198525 
-14.658760040456295 -12.780775952165396 
-14.618529541208316 -13.7799663779253 
-13.779698431910024 -13.235574634716976 
-13.788950505740013 -12.235617436068031 
-14.744509154406282 -12.53041850282169 
-14.8117026769759 -11.53267854144664 
-15.62357141339346 -12.116518549349278 
-15.573774723638248 -11.117759174079428 
-16.53477524126562 -11.394305743611438 
-17.42559164155963 -10.939942297714628 
-17.61823116225583 -11.92121189118318 
-18.501564740559946 -12.38995679989201 
-18.100132581044686 -13.305845560226427 
-17.173116315300796 -13.680866683693157 
-18.154705424538438 -13.871871449670474 
-17.26978854423682 -14.337620432446874 
-16.325103875226908 -14.00964043894478 
-15.703141829356879 -13.226593049895326 
-15.23446244007034 -14.109961393259518 
-14.404003565556401 -14.667041331635549 
-14.870910297082881 -15.551347898418392 
-15.487418736308776 -14.763999599148462 
-16.291797602226616 -14.169882910218812 
-17.263348844446483 -13.933053470028124 
-18.140009635322055 -14.414162457411871 
-17.438892250505837 -15.12720832740094 
-17.28854734838717 -14.13857471963367 
-17.74591643279904 -13.249297754552346 
-17.183714239993733 -12.422297939313609 
-18.121954749854716 -12.076314203199031 
-17.258353511644703 -11.572138736360222 
-16.405211446840415 -11.05046008310568 
-17.023643853429874 -10.264622085500596 
-16.719012978373375 -11.217092573212584 
-16.018150396432024 -10.503796252435233 
-16.270629000385448 -11.471398729977395 
-15.63890953370194 -12.2465958116367 
-14.66618884220663 -12.014616380787999 
-15.548944409081063 -12.484448913880586 
-14.552360988674948 -12.567041202695288 
-14.099944734255473 -13.458848094761644 
-13.61574712636619 -12.583889423443795 
-13.35193385135835 -13.548463192488775 
-13.114811553757475 -14.51994299978303 
-12.120321805226164 -14.624776868671523 
-12.372767462133973 -13.657165794784714 
-13.367039826680891 -13.764041727988973 
-12.99597687366827 -12.835434014849806 
-12.864871582754523 -13.826802464365132 
-12.813919343155334 -14.825503555422825 
-11.853949587456492 -15.105607229342873 
-12.851906230370908 -15.169501977663765 
-12.897650407973002 -14.170548790464531 
-13.277551352610105 -15.095575964262055 
-12.826502648271623 -14.203076627391392 
-11.901224205634445 -14.582365176639742 
-10.947693334846068 -14.883660510910888 
-10.243416982969693 -14.173734585065308 
-10.248614108021886 -13.173748090210907 
-9.262313370316 -13.008790960019976 
-10.203100670126185 -13.347788388499694 
-11.195336169908666 -13.472161669277398 
-10.47164226390695 -12.78204057090699 
-11.449316876530759 -12.571915960661334 
-11.944388144961279 -13.44076832969453 
-12.936636003772914 -13.316493687535617 
-12.115701397670005 -12.745471470364814 
-12.108750086817023 -13.745447309711658 
-12.941790540154654 -13.192235231840039 
-12.413767721100454 -12.343005049523104 
-11.4747136081614 -11.999235689381386 
-11.756264193034909 -12.958782076044056 
-11.661620818895905 -11.963270834655198 
-12.551379689456619 -11.506839950228516 
-11.555633807573946 -11.414698001509716 
-10.557621776275829 -11.477721690581404 
-10.501887031846547 -10.479276079512177 
-11.18775970792423 -9.751554517230257 
-11.642464574894575 -8.860912342193908 
-12.298230857094051 -8.105948380716091 
-11.532685107927778 -7.462566918492124 
-11.06783116048259 -6.577179541382744 
-10.122500702466041 -6.903293517081763 
-10.399895280014668 -7.86404959868969 
-9.553942934881555 -8.397308100510136 
-8.77242488245058 -7.773425472346396 
-8.16324641823328 -8.566458636050067 
-7.16518353525671 -8.628671830988907 
-6.217657794625047 -8.308992349569754 
-5.379366147253576 -8.854214427210806 
-6.376631557436066 -8.928117753614629 
-5.89360017114631 -8.052514715783559 
-6.86605129772226 -7.819407859554135 
-6.03921436911626 -8.381849584085128 
-5.167784212191593 -7.891329980397107 
-6.033587887536485 -8.391713828816776 
-5.922347556795867 -9.385507363116893 
-4.929147110673416 -9.501924173853844 
-3.988868081521682 -9.842328855574694 
-4.922701451203307 -10.20003716924529 
-4.1357544272276 -10.817057737343127 
-3.1927598835216573 -10.484249548530382 
-2.528909305175019 -11.232114783468358 
-2.7420094127857135 -10.255084413348621 
-3.607588637120914 -10.755856423747838 
-3.516022291953522 -9.76005744582474 
-4.422628634050137 -10.1820348628392 
-4.561021933122876 -9.191657513152848 
-3.6831881394272514 -8.712692137947137 
-4.329146409815163 -9.476064860093702 
-5.0897100634320624 -8.826801486109837 
-4.846266381665689 -7.8568864517856785 
-5.373149984435887 -8.706823901914744 
-5.837249573120137 -7.821040874428266 
-6.1588337803152156 -8.767921858334223 
-6.979780017804689 -9.338927353186834 
-7.965840703221272 -9.172541282027684 
-7.075942887382501 -8.716381356820104 
-6.152719593742367 -9.1006452636345 
-5.943877662356396 -8.122695854055978 
-6.163549534825473 -7.147122039090688 
-6.879251274706483 -6.448715982751473 
-7.494732935485523 -5.660564775656873 
-7.416848293241489 -6.657527153333442 
-8.371284126120946 -6.955943374266049 
-7.4950764940787025 -7.4378771721583785 
-6.555584343149948 -7.095306743861856 
-5.673220307765005 -6.6247393107991766 
-4.830541135620612 -6.086323288717701 
-5.830528431124186 -6.091364006072112 
-4.8852427943386365 -6.41760787940453 
-5.745789626193414 -5.908236551015598 
-6.701035910882054 -6.204048206615151 
-6.88910208976999 -5.221891848208562 
-6.016697366613069 -4.7331076432535575 
-7.0000985370872915 -4.551663056919518 
-6.006560619387868 -4.438162369285073 
-6.931506374768878 -4.058063238001334 
-7.930971533746148 -4.02536161739104 
-8.605683961841928 -3.287280904072301 
-7.629453829537771 -3.0705443617417365 
-8.175611981625094 -2.232862278306404 
-7.318918288139042 -2.7486877483456675 
-7.97057186135664 -3.5072044722962588 
-8.435785085501678 -2.6220058188401105 
-7.737027567513373 -1.9066472157221894 
-7.242457221832094 -1.0375096125932597 
-7.169902346363855 -0.04014519070636058 
-7.229742272856957 -1.0383531766478176 
-7.483864946305108 -0.07118118220238046 
-7.1517831384701305 0.8720694064033481 
-6.937616053781963 -0.10472763486785241 
-6.635084039546015 0.8484115891505174 
-5.635165874316227 0.835618511198162 
-5.508968372482848 -0.15638662514489865 
-4.685101865949956 0.41039726613403216 
-3.8807190710973947 -0.18371410334578386 
-3.7187971724030833 0.8030894732201045 
-2.9723680073603678 0.13762459693162998 
-2.7480479443309265 1.1121401223710492 
-2.1393791568632263 0.3187157043181388 
-2.3725169033508426 1.2911594256525283 
-3.283672300577255 0.8790965152793928 
-4.210689124293121 0.5040767710688427 
-3.387828788213111 -0.06416689788514851 
-4.309295554269199 0.3242903057475489 
-5.094946758872963 0.9429599952464409 
-4.119171698521058 1.1617362087506395 
-4.074728944055717 0.1627242761014177 
-4.199428102755376 -0.829470321656299 
-3.898373984878835 0.12413673479283294 
-4.590817476910164 0.8456088481440407 
-3.942878423351441 0.08391666433654876 
-4.939850230226789 0.006152814793823486 
-5.583723634415621 -0.758979225692186 
-4.848040678380018 -1.4363052832144962 
-4.854015905591851 -0.4363231350439567 
-3.9398766826688574 -0.030922738998583443 
-3.8668559086870404 0.9664076809561557 
-3.6245462824191574 1.9366066528263173 
-4.359950138272352 1.2589775737600086 
-5.193132439722361 1.8119759937852982 
-4.355037481141219 2.357500365743942 
-3.9958987103035244 3.2907845364450155 
-3.499087208638381 4.158643010974835 
-2.608959540581088 3.702931770649467 
-3.3219618930932344 4.404093410581476 
-3.5959627162310386 5.36582286781974 
-2.9078340369754523 6.091411539717229 
-2.3026603760949804 5.2953180526338794 
-2.0868717752207186 6.271758158187072 
-2.8018886577146986 5.572650972021323 
-3.7026318175634576 6.007003087229334 
-4.024292410068755 5.06014804910093 
-4.913070345205159 5.518486114304629 
-5.8577978631420775 5.190629565105517 
-6.649276732608916 4.579433034366431 
-7.641729010521136 4.456801569942143 
-8.043235525794902 3.5409454031819267 
-8.713064405160084 4.283460906298451 
-8.526874725749924 3.3009470879319402 
-8.005342562890824 2.447715464570787 
-9.003675486391948 2.505433519403744 
-8.005125010729659 2.5592568187695015 
-8.643237826882018 3.329199695781884 
-8.971165382232654 4.273902568881017 
-8.762228608059562 3.2959734178694813 
-8.177540265036315 2.4847154185050804 
-8.031907710506273 1.495376670117525 
-7.518843411254713 2.353726846230693 
-8.1192867904206 3.1533941197988002 
-8.965238681322928 2.620134897394934 
-9.373164385456246 1.707119771612597 
-9.601779553727413 0.7336028971639073 
-8.770668916823327 1.289709999460654 
-9.13719127332437 0.3593007549961966 
-9.347744607302086 1.3368831267433903 
-9.140119768639504 0.3586745976605894 
-8.249393706698902 -0.09586592042309616 
-8.909993234717287 -0.8466043992437072 
-8.212455498004253 -1.5631524477800622 
-7.451248452663976 -0.9146435163656021 
-6.465607074333283 -1.0834957396923073 
-5.55802501425723 -1.5033704879543417 
-5.9186596977341805 -2.436077636567174 
-6.834404638356156 -2.034317504491759 
-7.709521824132561 -1.5504064474174406 
-7.459102840144203 -2.5185440060619952 
-6.743464876402906 -1.8200726001675158 
-7.047864623285108 -0.8675282210974111 
-6.239347267823542 -0.2790558887678126 
-5.568473298094591 0.46251549467421194 
-6.420361934263498 -0.0612074774840452 
-6.383777562782224 0.9381230903278877 
-5.519798840464671 0.434594771975752 
-5.720321195419506 -0.545094354820788 
-6.53928176220466 -1.1189441522860646 
-5.875618600176989 -1.8669757073473694 
-5.609217967976793 -0.9031133192631908 
-4.698921854811513 -0.48915560843250266 
-3.8613958685038243 -1.035553103173588 
-2.942892570137231 -1.4309664197041374 
-3.1329994423188556 -2.4127298215221717 
-2.193200328347159 -2.0710024076701163 
-2.1656657377596975 -1.0713815563864004 
-2.0702056038452947 -0.07594830255516327 
-1.4384554625875507 0.6992237809339292 
-1.9351409419645038 -0.16870682376674984 
-1.045826863316366 0.28859009238096917 
-1.597173573374648 1.122866308815256 
-1.018577827986875 1.938480778659414 
-1.7730819268703828 2.5947761121549267 
-2.7727467284975615 2.56888626109908 
-2.2413181990255344 1.7217831280254274 
-1.2478781926276419 1.6074286192024023 
-1.9545267656031604 0.8998639265334821 
-0.9553664110514382 0.9408344756154359 
-0.03762590305245628 1.3380149887045987 
-0.897512104970906 0.8275292202935067 
0.04559235384035565 0.49503263419025495 
-0.18317682991638137 -0.47844805928202766 
0.6617041945406391 0.056506195315928986 
1.107082063680316 0.9518488971237902 
0.17942174262947763 0.5784237657415339 
-0.5820362279149395 1.2266380505998495 
-0.22956273015958822 0.2908162548608807 
-0.34820404080190004 -0.7021209231161928 
-1.284739068995743 -0.35154690672884337 
-1.5870161692813238 -1.3047670044203161 
-2.32813742878007 -1.976138197367252 
-2.9922921297221343 -2.7237333640293677 
-3.95365249248882 -2.448440333058537 
-3.4449519404553715 -3.309383855225273 
-4.299463746115194 -3.828815827660538 
-5.294999530296982 -3.734430964395539 
-5.003824570246451 -4.691100783423804 
-5.1779553009970956 -3.706378239451012 
-5.1983318330455885 -4.706170616368178 
-4.3248959588696385 -5.193109805284509 
-4.427035136992279 -6.187879923599505 
-4.0304329548506725 -7.105870505860846 
-4.856403807811673 -7.669583331738418 
-4.2297633483196035 -8.448891829400011 
-4.18610542773854 -7.449845290959215 
-5.1830069133093595 -7.371185084585897 
-6.146018642126299 -7.640644562357622 
-5.571484592562866 -8.459125243798695 
-5.039546361298551 -7.612342084944322 
-4.640404853125454 -6.695452747863065 
-5.377660704350055 -6.019839093593786 
-4.384551729060599 -6.137033646366194 
-4.672299095304894 -5.179327296163027 
-4.192909374343101 -6.056929424371575 
-4.462191140240189 -7.019990860914097 
-3.8572705377833625 -6.223705067543859 
-3.568653828855668 -5.266260345730768 
-2.695863815918059 -4.778164460359494 
-1.7153846229739065 -4.581541592402628 
-2.309918071594487 -5.385612471412259 
-2.990193643741047 -6.118568913460946 
-3.934237680754166 -6.448388343119013 
-4.197319766071921 -7.413161796518754 
-4.9416446040834385 -8.080979537761923 
-4.288755703365562 -8.838433221705307 
-5.238358486712293 -8.524977397289582 
-5.532084143565596 -9.480867160026948 
-5.075693717968648 -10.370646784104414 
-5.934189509650728 -10.883467391787217 
-5.296666407230132 -10.113036152882655 
-4.3505869483758906 -9.789101502784732 
-3.825788530548354 -8.937874963815396 
-3.4018081616445524 -9.843546342839927 
-2.7074597614824523 -10.563185349003664 
-2.301712984042735 -11.477170880944561 
-1.5728948973250758 -12.161878261124745 
-1.6087014327337492 -13.161237001528823 
-1.548038935444034 -14.15939533637484 
-1.1199349463604849 -15.063124817210092 
-1.4932607675414153 -15.990825108920504 
-1.1048299973338778 -15.069347199930831 
-0.681860415670676 -15.97549108088333 
-1.2314323348750755 -15.140044669901757 
-0.3097055822428436 -14.752204762875623 
-0.8043774450990848 -15.621284591256385 
-1.5311777785846132 -14.934435790394563 
-0.5859569115491965 -14.608004308271875 
0.2479404009886117 -15.159923932983862 
-0.4867573735445867 -14.481529372203806 
-0.10543548730078339 -13.557087043515061 
-0.8396429880644423 -14.236012183587501 
-1.8377248031130482 -14.297920910510937 
-1.722525347762369 -15.291263291307663 
-1.9846660131535518 -16.256292965228766 
-1.659254606689147 -15.310720431499673 
-1.0007095719259764 -16.063261750756478 
-0.000726111193412704 -16.069013121143186 
-0.8657725904440734 -15.567321394346704 
-0.5766069964839091 -16.52460048597551 
0.40566015838269354 -16.712087116086217 
-0.5895449442770722 -16.614277077542287 
-1.3479009624966796 -15.962436491486077 
-2.3252222034877055 -15.75067437988969 
-2.3498977147507776 -16.750369893105542 
-1.3551091052936926 -16.64841096757943 
-1.5419488402075328 -17.63080137544044 
-1.449432481295785 -16.635090210828075 
-0.47527833064799263 -16.409205968846308 
0.5046748725565297 -16.209978160724056 
-0.28904671047979635 -16.81825938567047 
0.34266291072972777 -17.593464490446824 
-0.17449950750338705 -18.449351768753537 
0.8249903744183056 -18.41741470664443 
-0.14847327301747892 -18.188572999079966 
-0.27724393660944724 -19.180247399373773 
-0.034089903975945995 -18.21025971057867 
0.6379902929649869 -17.46978134568214 
1.2658374395777174 -16.691444682990312 
2.2652455998710264 -16.725844234428425 
2.2309182389189632 -15.726433591954539 
3.088564699667391 -16.240673369067995 
2.4543363898333683 -17.0138191839083 
3.038438792009045 -17.82549916011358 
2.598277406409452 -18.723417839408675 
3.5117067960972697 -18.31642060347882 
4.500530285669069 -18.167329669914608 
4.665732608284736 -19.153589368271177 
4.136084256697342 -18.305372047261546 
3.701872571970262 -19.20618291134261 
4.406357123472141 -18.49646358886703 
4.567007584833216 -19.48347495114432 
4.499713296366774 -20.481208121255346 
3.890783729566375 -21.274432416569276 
2.985381575390182 -20.849877426947074 
2.4225271207687626 -21.6764334522187 
2.576937752709803 -22.66444021168119 
3.480003903759384 -22.23493872527108 
4.37042585201818 -21.77980275211689 
4.65869159272473 -20.822252302931624 
5.325923907395573 -20.07740262799111 
4.32895137100827 -20.155157124256394 
4.1262803312882745 -21.134404003066237 
3.5779218830346102 -20.298160610130406 
3.983793804462458 -19.384230643778242 
3.931140856267933 -18.385617772317822 
3.151062246448889 -19.01129929074616 
4.146522413832161 -18.916120221864038 
4.797863420360017 -18.1573350788787 
3.8035620451368315 -18.05072937908135 
4.729951009077878 -17.67416134075596 
5.71040581103405 -17.477416883855437 
6.679307344078951 -17.724863482666656 
7.678814525077749 -17.69347247867133 
7.620452282712489 -16.695177007046773 
8.454639530997575 -17.246658316610894 
9.320783849565048 -16.746864339643096 
9.985980497685839 -17.493532551989695 
10.600801771667802 -18.282199022089188 
10.009926699697587 -19.088962090978804 
9.207389483499401 -18.492360032134833 
8.409919415032011 -19.09571854073367 
9.177131923016992 -18.45432555075686 
10.023455924054247 -17.921657093582706 
9.135829780815786 -18.382221779419144 
10.08992448183559 -18.681726873676205 
11.053489455304874 -18.41425249751442 
12.053017167578714 -18.383522180291475 
11.05909618226688 -18.27342642670964 
10.093202442779857 -18.532365191709744 
9.324138199129212 -19.17153667819679 
8.325875759104509 -19.112612143103785 
9.2119828177533 -18.649131527961373 
8.225365845153197 -18.812186578105205 
7.273705920058145 -18.505032891869664 
8.264668544634995 -18.63917116639174 
7.668828508974071 -19.442274305411622 
6.7065772651086375 -19.17011158996473 
5.796324460923227 -19.584164524349447 
6.55160249866911 -18.92876000369161 
5.579635142611638 -19.16387584483943 
4.586256758813734 -19.27876442827166 
4.278849932607293 -20.23034261381486 
4.045941078316067 -19.257844045387763 
4.109148887101401 -18.259843658159102 
3.1246432482612447 -18.435196579697173 
3.808503097256361 -17.705583184170216 
4.781520141776281 -17.474849937598076 
4.0543551721128415 -16.78838718777521 
3.394559411705878 -16.03694221004963 
4.382096327042569 -16.194329759898064 
4.876317117028673 -15.324993340124045 
5.86214121315527 -15.157211185244037 
6.271533783524395 -16.06956951579545 
6.262445883829303 -15.069610811608557 
5.4991790396298015 -14.423527438857226 
4.580878613698847 -14.819411674126865 
4.037131273661352 -13.980162706178646 
3.037815242803376 -13.943183381275924 
2.0751045524902496 -13.672650339381178 
2.962408495343369 -13.211465221454214 
2.279129594671469 -13.941622700287787 
1.9933532609009796 -14.899919046444182 
2.4774510542657127 -14.024905145720659 
2.46543367581574 -13.0249773570203 
1.6146090575825247 -12.499527579202947 
0.7533622574722756 -13.007714502785065 
1.3546657167737104 -12.208693758478557 
2.191244458544178 -12.75654046041053 
1.9118571303939198 -13.716718944271244 
0.9363262987918521 -13.936581620944159 
1.611668023254289 -14.674086573605564 
2.5482472024561775 -15.024542620900394 
3.5278109630321657 -14.823408737712533 
4.294310998548339 -14.181164473001898 
5.280417308681285 -14.015049015816281 
4.764979886407435 -14.871976237766715 
3.785356468192313 -14.6711331186799 
3.687027440989474 -13.675979159531195 
4.532700277551929 -13.142277507387968 
4.226797210467839 -14.094340170004536 
5.214359741830833 -14.251566906432904 
4.665068922915649 -15.087198162583299 
4.331652293837396 -16.029977750532726 
3.3372765850935266 -16.135887853262005 
3.951608900400523 -15.346840448875206 
3.097521296372271 -15.866969629603686 
4.086312656261889 -15.717665756219102 
4.867684594427305 -15.093600139278367 
4.990108349556704 -14.101122218022676 
4.234107408583865 -13.446551689165638 
4.6277385338802 -12.52728320977676 
5.501940735708613 -12.041721153682635 
4.977325742799509 -12.893060750562153 
5.160458856320246 -13.876148876180707 
5.464199789607207 -12.923394214451903 
5.727569609969367 -13.88808915987372 
5.301698302756781 -12.98330541239975 
4.602018873621442 -12.268848488264469 
4.438328320691181 -11.282336753472944 
4.597391963229701 -12.269605084587832 
5.301128975563728 -11.559144517440592 
5.700415779372036 -12.475970590534363 
6.66593726771163 -12.215647223249567 
7.665627083155015 -12.240552501781853 
7.291104279604915 -11.31333479831574 
6.753714137483599 -12.156668560921526 
7.664348343740421 -11.743455126489625 
8.51334513336541 -12.271853131033986 
8.112005507743831 -11.355923818856496 
7.406966510992481 -12.065092355284792 
8.401179768815123 -12.172516737850806 
9.025067356103499 -12.954030831407339 
10.023896819809492 -13.002401302076946 
10.984209568026746 -12.723475818100622 
10.851497224111634 -13.714630414403619 
11.502647022424227 -14.473579648646245 
12.494330074602903 -14.602283665761426 
11.991437947276392 -13.737934483848807 
12.612351381760822 -12.954055343370666 
12.305157958423916 -12.002408244568514 
12.785860699009296 -12.879291860103498 
12.341616870683833 -13.775197782058887 
11.422951965647362 -13.380160072144589 
11.41676831735265 -14.380140953208706 
11.65194923082715 -13.408189340247803 
12.259660362708818 -14.202347498417259 
11.269091153106363 -14.339360786048662 
12.14149455751413 -14.828147344760884 
11.142191885669892 -14.790808758218766 
10.518001241025107 -14.009536693482078 
9.518010013334782 -14.013725314066072 
8.828540730074266 -14.738040236900215 
8.601970150515081 -15.712034986618207 
7.865227275540256 -16.388207994193806 
7.0792022591243695 -17.00640268324282 
6.505636011754564 -16.18724350464679 
6.715316562910129 -15.20947355907314 
7.286593368631204 -14.388716097184961 
6.302539223736926 -14.566585262349678 
5.304653328205558 -14.631575565469138 
5.041452032813039 -13.666834627131959 
5.827688497222856 -13.048908885612517 
5.77927943579892 -12.050081291494266 
6.749932064528776 -12.290567204470099 
6.196445234357988 -13.123425132827325 
5.491233300389136 -12.414428568528237 
6.441787665100504 -12.103870361861325 
7.036754589163219 -11.300120177244642 
6.056048622715896 -11.10463153978808 
5.263076783235879 -11.713889828030167 
5.177108834473863 -12.710187731162383 
4.221351870330544 -12.416030246995234 
4.035208144922457 -11.433507721303737 
4.0174718820338065 -10.433665021185991 
4.907815269073715 -10.888954657740904 
5.901707460840729 -10.99931004340268 
5.341217448649633 -11.82747122713084 
4.668740380080494 -12.567589185464954 
4.2684145350919565 -13.483962045077357 
3.2728428906531226 -13.389956189997172 
3.8656848467696365 -14.195275018206189 
4.84595126253506 -14.392955958416444 
3.863439942452981 -14.579158820667729 
4.576968822901353 -15.279784638609156 
4.457906494134897 -14.286897856609965 
5.434313806626157 -14.502834792111036 
4.5226928281522145 -14.913866654143911 
3.5362101822632783 -14.750000887859542 
3.229526782095839 -13.798189303531142 
2.516445302183922 -13.097108136328206 
1.6418462535364524 -12.612261249048375 
2.552825397236968 -12.19980882786179 
3.537616550272127 -12.373551122377785 
2.8963661453093272 -13.140882809547712 
3.895790112233811 -13.174820021232357 
3.0563279158064347 -13.718238111444052 
4.055903147971995 -13.747381811297814 
3.2844725692874013 -14.383695305002256 
2.9981348874890426 -15.341824070869528 
2.7108219962900373 -14.383987288034964 
3.2603072677584723 -13.54848388502618 
3.2432693193116187 -12.548629041405006 
3.165944607016724 -13.545635003708398 
3.0707608582144665 -14.541094723618725 
2.070770177945798 -14.536777389278495 
1.7857427271946358 -13.578258035108588 
0.8166365100841237 -13.824901786210766 
-0.03581702566855627 -13.302098793313103 
-1.01589452062241 -13.103483325927055 
-0.016006507277262383 -13.118448644790815 
-0.22491944632317692 -12.140514401654194 
-1.2243528884265455 -12.106857384474825 
-2.0991167817510727 -11.622307974263942 
-1.278120956147378 -11.051373779858572 
-0.6251258711230878 -11.808735925026998 
0.2877948060911043 -11.40059889275134 
0.03338076236066423 -10.433503502237702 
-0.2842583095189646 -9.48529180645693 
-0.9100646170412093 -8.70531330324971 
-0.008817212140422415 -9.138618178781474 
0.11698268070573406 -10.13067381580991 
0.681072341716569 -10.956387358353982 
1.1128715226266754 -11.858357129114268 
2.106751766404678 -11.96882006872651 
1.8720141171164033 -10.996761307124817 
0.9006842589410438 -10.759025515505137 
1.6451379108726776 -11.42669965767754 
0.7640824835018422 -10.95368661990755 
0.2720030626828665 -10.083136309123354 
-0.6590952731752582 -10.447904576605918 
-1.3338390235529811 -9.709852497599154 
-1.8630265124925272 -10.558357418946024 
-0.8948549453921395 -10.308069950905013 
-0.09369090840108152 -9.709625144901828 
0.3462618195843199 -8.811604211327225 
-0.633822085739915 -9.010188043812137 
-0.22347243598445404 -9.922116311246352 
-0.5421777821821604 -10.869970151405793 
0.19293671680515312 -11.547913123475444 
0.8357367485018863 -10.78187910383227 
0.8999352385747819 -11.779816253091862 
0.8011095950413164 -12.77492101751629 
1.71518928379574 -12.369386404188875 
0.8606749131838827 -11.849958651351368 
1.8358015959094993 -11.62831038802288 
1.251233520875645 -10.816965722882834 
0.27249041874279756 -11.022055800720283 
1.2250110794127123 -10.717581842889816 
0.4949536063871831 -10.034196090858375 
1.104198461991761 -9.24121393095857 
0.9914794045327487 -10.234840829792107 
0.313074873487318 -9.50015226158308 
1.193141972305222 -9.025302915391851 
1.3802144810880597 -8.042956807109391 
1.0097334347494726 -7.114116780891816 
0.3386499361738523 -6.3727350047875575 
-0.2333770071122514 -5.552500174903605 
-1.172083346968174 -5.2077823083601125 
-0.5297993608584406 -5.974249059881006 
0.46205010988831763 -6.101664237074996 
0.3190344508842172 -7.091384662892116 
0.3144391683670402 -6.091395221258562 
1.1116468854813446 -6.695100327890434 
1.6791939453583637 -7.5184412869256025 
1.066235332500223 -6.728326270663398 
0.15448472761118015 -7.139070515278542 
0.9853285894478652 -7.695576110262369 
1.0878272438873136 -8.690309253290238 
0.7539831065896441 -9.632937542698091 
1.207774145431188 -10.524045669171592 
0.3361454388512305 -11.014212373330238 
0.5638186737629622 -10.040474781314387 
-0.22153884855086148 -10.659517237164623 
-0.5668054751979347 -9.721012598644519 
-1.553513625952307 -9.558510213323911 
-2.3240821134298573 -10.19586741780705 
-2.2090729656231796 -9.202502985224132 
-1.6633247125346893 -10.040452174764203 
-2.4395560395414915 -10.670900370077076 
-1.7143825040500345 -9.982334219716183 
-0.9415763296316516 -10.616976336803305 
0.05630738739319263 -10.551952592704087 
0.16068138297238205 -9.557414474255712 
-0.08435099502789234 -8.587899578170287 
-0.6482255845267204 -9.413760006643239 
-0.8205977216070375 -10.3987919078314 
-1.68110537168165 -10.908229425259268 
-1.6045672834589093 -9.91116276698049 
-1.9532891880243228 -8.973936522535602 
-2.9451374383150792 -8.846511845195753 
-3.250401166666862 -9.798779694150431 
-2.345571477827881 -10.224553383092752 
-1.8697449774456116 -9.345014218794788 
-1.1771591639199381 -10.06634971002129 
-0.755441869167033 -9.159622340132032 
-0.5689999618603142 -10.142088326922329 
-1.5077546109408826 -9.797502040442993 
-1.1179121874260298 -10.718383620684484 
-0.6217023615511255 -11.58658625181687 
-1.3894432041153504 -10.94582576719038 
-0.7845798413091252 -11.742155041005391 
0.06002005628305018 -12.277553035946806 
-0.14926540320183262 -13.255407624547892 
0.8416409788109773 -13.12085450460531 
1.8374595352398342 -13.029501329116183 
2.8201769151065017 -12.844389062348169 
2.765625455357846 -11.84587810184784 
3.636913773443548 -12.336649603432221 
2.7957150280995693 -12.877375662386028 
2.6663644731279432 -13.868974590344571 
1.9779995532517956 -14.594339144954116 
2.8228142150394273 -14.059280094728209 
3.695529413078842 -14.547509736506568 
4.664468814847072 -14.79480800924826 
5.655565525917183 -14.661664067193023 
5.027595942901001 -15.439901950366595 
4.988306128683609 -14.440674093219506 
5.9882692799901625 -14.449258732353893 
6.701635039356305 -13.74846682788869 
6.157091482733429 -14.587199392500622 
6.599502642794494 -13.690387056806346 
5.6001933614706205 -13.727548330465407 
6.466451004869811 -13.227950797192392 
7.403731946827752 -12.879375933149621 
6.406650446191673 -12.803031443569134 
6.2917670553609275 -13.796410427900508 
6.317316337720606 -12.79673686409535 
7.043211028659874 -13.48454272163524 
6.428907773857088 -12.695472692335747 
7.286398797783658 -12.180973767278209 
6.287152166332438 -12.142164367213399 
5.836139311805311 -11.249646913573812 
6.836048947768239 -11.236203703076189 
5.879390975774222 -10.94498982184747 
5.141132398357675 -10.270472014172316 
5.316165058241037 -11.255034641928496 
6.097961377738785 -11.878568534206835 
6.261936700454781 -10.89210409311421 
7.239235659752379 -11.103969012711183 
7.023640289919165 -12.080451801349303 
7.446959904572524 -11.174471391047993 
6.758134092424201 -10.449544497824819 
7.230813182277376 -11.330779130607471 
7.504032326256628 -12.292730948196713 
7.194582068777976 -13.243646579652204 
6.7369731447870915 -14.13280015057452 
7.1764225018362415 -13.234532783590119 
7.504141290180066 -12.28975746862552 
8.436142353819372 -11.927301930145003 
8.065637640755389 -12.856132516203287 
8.545649160251985 -11.978870331249114 
7.940951356222387 -12.7753253304812 
7.033939539142211 -12.354220161103148 
8.030508352414936 -12.271451807173674 
8.864087848036135 -11.719052291895188 
7.8640985002955075 -11.723667961432074 
7.3603347566913095 -10.859826488342316 
8.194457795857295 -10.308248066418017 
9.147603286407572 -10.005735795850901 
10.14670254730449 -10.048170061194284 
10.986730841197337 -10.59071265441575 
10.054116760129054 -10.229837363223403 
9.110838477025093 -10.561840496679162 
8.257650457005274 -10.04023700503569 
9.254062109675672 -10.124876348267106 
8.362537859340728 -10.577849317730756 
9.233028298997434 -10.085663992404742 
9.970659861942451 -10.760867426450579 
10.627770546683905 -11.514661528310375 
11.62769195644767 -11.527198445636671 
12.460528911985751 -10.973680057965527 
13.290268248194131 -10.415528972731003 
13.51765374620935 -11.389333796754983 
12.69108528168512 -10.826497609704026 
12.358019422499517 -9.883594044409591 
12.73443746031119 -10.810043967940274 
13.640994548960625 -11.232127188430571 
13.790260775305674 -10.243330144708903 
14.6833613071919 -10.69318727752391 
15.63623453974516 -10.389818520590207 
15.874540027920883 -9.41862827439468 
15.086123507124878 -10.033770038328752 
14.086788161318166 -10.070223661212916 
13.10380165757866 -10.253901459179852 
12.828081827359979 -9.292663416224736 
13.172897463384313 -8.353992985693798 
13.352413740825586 -9.337747988798549 
14.287202124981757 -9.69295310819676 
13.900850627314934 -10.61530473325664 
13.53780496014582 -11.547076080503233 
14.348249510820152 -10.96126072539355 
13.617261101004845 -10.278870848039197 
12.625135879619856 -10.404120778545316 
13.497930078889443 -9.91603237905055 
12.948872787197246 -9.080247663684428 
13.947479171772676 -9.027471829392702 
13.218178929807502 -8.343278028580725 
14.135764160011863 -8.740817140255047 
13.69184917972204 -7.844748230921459 
13.034007236861008 -7.091592219053517 
12.646100259177926 -8.013290747133484 
12.073485912378098 -8.83311561247913 
12.96579263069294 -9.284545253121165 
13.410144082150355 -8.388692705216272 
13.72036803501161 -9.339356209865072 
12.746409038550382 -9.566080432682657 
12.126669357138796 -8.781272986691052 
11.444134071212707 -8.050420345274336 
11.78467680550994 -7.110191306094326 
10.786675797596786 -7.173389314008542 
9.89825431593383 -6.714360697340912 
9.236146776241448 -5.964951859734563 
10.061998772215258 -6.5288387994184625 
9.616652040019758 -5.63348060957331 
9.323789846357684 -4.677325948692844 
9.046391084578019 -5.638080822197583 
8.892518703109216 -4.649990092445948 
9.785620325760211 -4.20013512513075 
9.13301796806444 -4.95783570103783 
8.479768167173349 -5.7149781563497415 
7.565310347487549 -5.31029692869581 
8.511648498980195 -4.987118799749124 
9.136306048270889 -5.7680176063266115 
9.990027603248791 -6.288747389002919 
10.783322527385867 -6.8975849398638625 
11.078561567539719 -7.853008358652115 
10.505790909036639 -8.672724024452123 
9.509665469919533 -8.584780238180713 
9.667290106912171 -9.572279338845082 
9.673373169086897 -10.572260836851209 
9.801303215064133 -9.580477643135836 
10.787329389360703 -9.413887176415596 
11.12422366402346 -10.355429659631014 
10.140599975800868 -10.535664062471817 
