0 0 
-0.6699173636597863 -0.7424356711979306 
-0.8147204559192444 -1.7318961628155085 
-1.5821966700810877 -1.0908187410513317 
-1.4155719140555965 -2.076839121509791 
-1.139158867617857 -3.0378780529579443 
-1.154944830735279 -2.038002659037054 
-2.0645596604190475 -2.45345525755988 
-1.2584242777956245 -1.8617241151627715 
-1.6692522286494922 -2.773437005713965 
-2.656624303088586 -2.9318553967480887 
-3.2923239948016656 -2.159918934365403 
-2.9342302364809045 -1.2262333019110354 
-3.502387608042738 -2.049153225803967 
-3.663334262394933 -3.0361163327400043 
-4.4257406582213825 -3.683214847344175 
-5.367952436360222 -3.348196989407547 
-5.697284374613023 -2.4039827793647977 
-5.48426538974582 -1.4269347190903061 
-5.35159907154938 -0.4357739611825887 
-6.3490090863588415 -0.36384856679514005 
-5.858718643682772 -1.2354076765636646 
-6.855637368851768 -1.313849090417708 
-6.393691387240086 -2.2007571522103717 
-6.392881954270948 -3.2007568246194524 
-5.76124998282083 -3.976025199211141 
-5.407920854354097 -3.040526120121836 
-4.55549236881156 -2.5176822839377824 
-5.079302399280031 -1.6658471754921278 
-4.390591283194461 -0.9408113152892207 
-3.497207232150064 -0.49151749456663213 
-2.558955135213499 -0.14556518196540208 
-1.5801623449392652 -0.3504179918245283 
-0.5805657429620806 -0.3788192825639635 
-0.7732144632897031 0.6024485048193426 
-0.8256758544052996 1.6010714579113574 
-0.2309999014440991 2.4050369490673447 
0.46862818680587004 1.690529749571291 
0.9430297232421269 0.8102211774064398 
0.3364159464472337 1.605217860294259 
1.2839346528360776 1.9249181903585433 
2.0154359311336147 2.606758259472312 
2.025037269260846 1.6068043533815533 
1.244349456165144 2.231725579204337 
1.4293668374067015 1.2489903307073085 
0.7982863196097998 2.024707663282258 
1.4551466179104322 1.2706953633053912 
0.5511968190108943 0.8430567763309638 
1.5308327213155464 1.0438389939592945 
2.372115525440947 0.503243726237774 
3.3463549699465984 0.7287598116270864 
3.3934629707076773 1.7276496134892807 
4.344712415171446 2.0360722041135273 
5.039068352643058 2.755703937778684 
4.4314685524219914 1.961460598007226 
4.884021313418741 2.8531982267491216 
5.191203567863432 1.9015475226805134 
4.214413566911153 2.115746715115143 
3.417894753620076 2.720360459644139 
4.173679766239142 3.375180293415535 
3.7161811892566226 2.4859699403162416 
2.728304611655715 2.330728620341442 
3.2735721573541228 3.16899069368607 
3.643941336838159 4.09787533178077 
4.638092303266187 4.2058746648815735 
3.668462986562119 3.9612954585127516 
4.110029819854365 3.0640670975386586 
4.85337929342368 2.3951638458316413 
5.843997251019674 2.531824235441583 
6.703336779481169 2.020418745811704 
7.688261659147122 1.8474361414406042 
8.687153717711356 1.800376016735006 
9.196160122082174 2.6611387484500186 
10.194005554883635 2.7267473777396734 
10.702746606364414 3.587666968954922 
10.662757682253888 4.586867092027614 
11.407051333508443 3.9190145928167763 
12.407032696247688 3.912909334905444 
11.419632028013005 3.7546692629587217 
12.17086357616346 3.0946305057152768 
11.744631002322375 3.999244121021173 
11.10040027252145 3.234412919526251 
11.810899527793886 2.5307149670940214 
11.173572653352604 1.7601213938565419 
10.77195769000699 2.6759300098986176 
11.464826640408951 3.39699354216806 
11.287105883617626 2.4129125838086782 
10.670594285633294 1.6255667579158835 
11.313627671194844 0.8597286124482842 
11.763325480021148 1.7529093784395928 
12.590015137631461 1.190251214009231 
13.332503609568855 0.5203923713863441 
12.849079913301189 1.3957788745304742 
11.849419036556476 1.4218198327692004 
11.67039551275435 2.4056646263852817 
12.658885621874864 2.2543791208967656 
13.165133757599532 3.11676698321586 
13.828676037183005 3.864905769274415 
14.318665746910323 2.9931775522472623 
15.095296792753588 3.6231332797649953 
15.465256958771224 2.6940856622769553 
14.46638395996491 2.646622705608815 
15.068016914586421 1.8478500296155822 
14.237831388434786 2.4053372421759533 
14.393580340465062 3.3931339135316887 
15.39307480185528 3.4249273350254623 
15.436135888079166 2.4258548937814757 
15.173065574064536 1.4610782305664891 
14.745008222729654 2.3648298026083667 
13.976808828754432 1.7246191411100584 
13.633501964318533 2.663842435556694 
12.843429042992458 3.2768553057211642 
13.151651555278006 2.3255410133233334 
12.634898022775262 1.4694068026729616 
11.641148663062818 1.357772533422389 
11.306348511250489 0.4154833748588187 
11.851175015114618 1.254032169316952 
11.400482462901852 0.3613529305195309 
10.454726510299071 0.6862308739327563 
11.327218219023884 1.174859790603123 
11.28954796684698 2.1741500147627155 
10.353642482153731 1.8218987923076395 
9.497289617863855 1.3055076887606045 
10.493847436042198 1.3884083222178898 
10.644203387673105 0.39977639485100347 
9.68926861690325 0.10296065474491622 
10.639627604975653 0.4141162328565753 
11.483826605650037 -0.12191366114222946 
10.800392769283336 -0.8519261208366468 
10.11574013905353 -1.5807956399684389 
9.28234965204031 -2.1334802662752215 
8.563504921395111 -1.4383096014571266 
8.65233967337293 -2.4343559793136196 
8.459464443953916 -1.4531326887846174 
9.410755455943843 -1.7614270457021246 
8.500342445497289 -1.3477264892489789 
8.984122341645875 -2.222916189875342 
8.241015960957357 -1.5537428887193467 
7.249318858180635 -1.6823385976067535 
6.806366718863487 -2.5788838570746524 
5.900872587410418 -2.154525072666868 
5.309327257962398 -1.3482533298851722 
5.421741815355798 -2.3419147245695213 
5.364016867681328 -3.340247249541026 
4.544395222569314 -3.9131524414042835 
4.8703877208639055 -2.9677800856334735 
5.029041178828706 -3.9551144161800273 
5.723381265575829 -3.235467388856216 
4.852204547927127 -2.7444978107489417 
5.822167036063759 -2.9877523515242252 
6.267043373496553 -2.092160343748149 
7.0988896804058355 -1.5371542882123668 
7.892250588382268 -0.928402721729938 
7.397295701744461 -0.05948404878444513 
7.384328875702468 -1.0593999759615236 
8.025682900979055 -0.29215489499878544 
8.338650269885775 0.6576089840783272 
7.471911998803205 1.1563722239434935 
6.744271638161047 0.470413401881593 
5.8032105651673165 0.13217671419693583 
4.887523897186341 -0.26971621443194416 
5.795491694227056 0.14932373537837096 
5.109195204397716 0.8766456228861842 
4.298263912260822 0.29150423874625986 
3.3144481999132998 0.47068750843999296 
2.5322746487770615 -0.15237311132579412 
1.5322751409305653 -0.1513809889719337 
0.5633257853863253 -0.39864025854620466 
-0.3254395312400067 -0.8570027918777324 
-0.9413779558364748 -1.644797090604006 
-0.5527402806772692 -0.7234064256595167 
0.4432091912835079 -0.6334917477640292 
-0.5115409304911717 -0.33608259361568327 
-0.6785781875194926 0.6498679907263794 
-1.552632207351993 1.1356967367003565 
-0.5552769644805162 1.2083776799852215 
-1.1954835850745749 0.4401749183737216 
-1.2197871676912484 1.4398795426863205 
-0.293098576441282 1.8157096304216596 
-1.2852545262174178 1.690703345284416 
-0.6083288619910631 2.426754732832669 
-1.5433226302990006 2.7814188742754187 
-2.5137213555928 2.5399104604506215 
-2.248202786532282 3.5040162064577984 
-1.3044081962490488 3.8345487636319806 
-2.1804477666963087 3.352309537717518 
-2.588503869261379 2.439352683775666 
-3.5150418986372154 2.8155538003613856 
-2.5164455936849386 2.762587587209422 
-2.3906202096005584 3.7546399914300954 
-3.0822216454238784 4.476919337643956 
-4.071343258123084 4.329819251677555 
-4.27570836431488 3.3509245160847967 
-3.7147454751629394 2.5230835669923355 
-4.64385372142391 2.1532756888584816 
-4.326972865084028 1.2048103374168473 
-4.332098080341469 0.20482347141881585 
-5.285079133423577 -0.09820641566580252 
-4.28511023122922 -0.09032005755743358 
-4.298568404430619 0.909589377128569 
-4.151774859476654 -0.07957777515654818 
-4.063137491331323 -1.0756417374442464 
-4.210178087856126 -0.08651127942890946 
-4.635223120957839 0.818660925091072 
-4.083703628394047 1.6528229293337593 
-3.189324914164154 2.1001334652397268 
-4.174396582989953 1.9279887375343545 
-3.814998701458918 2.861173158081014 
-3.048437023296702 3.5033438468960107 
-3.772909659973484 4.192647407532826 
-4.4924944780441525 4.887051965123142 
-5.4762383559959265 4.707474732177521 
-5.395507453335242 3.7107387985644142 
-6.128503566829236 3.03050597253887 
-5.144116499584239 3.2065233064602614 
-5.163916098762478 4.206327275182321 
-4.201288226631025 3.9354996920308403 
-3.429880702604672 4.571841134870714 
-3.797197799853397 3.6417453601954546 
-3.2938742345531757 4.5058433804532685 
-2.3716930255938413 4.892601467430516 
-1.729225250798411 5.658914170150109 
-0.892726590981626 5.110945200111912 
-0.6977446996706264 4.130138357731219 
-1.3592073611602804 3.3801602597476696 
-1.8780069712591567 4.235056139116177 
-1.4463439121350776 5.137091062712621 
-0.5674571312423744 5.614121487708827 
0.4006494343898822 5.363582713105539 
-0.19590748275785808 4.561011940772541 
-1.1911740109316944 4.463828928384581 
-1.3125384880599247 3.471220917288866 
-1.5192311644914778 4.449626833823287 
-1.7412078563028843 5.424678805921423 
-1.3743828259968964 6.354968759183851 
-1.764283687201766 5.434111919913109 
-1.8151312445287253 6.432818346203579 
-0.8151611344506596 6.4405500310433235 
0.14182224888133899 6.730692761482053 
0.5894318857376594 5.836463700785996 
-0.08915658625272982 6.570982376982693 
0.8717489468960495 6.847858804950225 
-0.09257529030512768 7.112582747098206 
0.4148005614964644 6.2508578809091135 
-0.3746082532820362 5.636990042404763 
-0.3024211420347181 6.63438114972915 
0.6542890255478162 6.9254235096086 
0.6301202401597596 5.925715617365638 
-0.22991612177289855 5.415482870324018 
-1.0192354077587007 6.029465821855137 
-0.272103998446934 5.364789466611614 
-1.0550967439992527 5.986820302191686 
-0.29823771223013007 5.333242146169389 
-1.1771418131927325 5.810240659071808 
-1.9969251243189714 6.382914495386075 
-2.539054372591303 5.542619381650622 
-2.129458137140888 6.454886296486872 
-2.104120553364813 7.454565248375122 
-2.6669899019109202 6.628019365518471 
-3.5229426011273755 7.145073498761852 
-2.7671116473665123 7.799840304072678 
-1.836923398689072 8.166923158510741 
-1.4150995710506067 7.260245344490549 
-2.407295636516576 7.1355578644701 
-1.5686381995539715 6.5908986100482965 
-1.6981047261831557 7.582482403019205 
-0.8022578521188852 7.138119512771522 
0.11278851644255983 7.541468175075628 
0.7497963168860754 8.312325530345793 
1.4122126621731144 7.56318963780255 
1.029462656295878 8.487041591851993 
1.376400375498226 7.549153422081911 
2.1271847699555284 6.888606078555815 
2.0466307966774107 7.885356326807155 
2.2012274551307085 6.897378658438546 
2.5341639884497167 7.840327896086852 
1.8584900396253097 8.577528489466994 
2.557003961408929 9.29312495471432 
3.533239680290231 9.076413577116586 
2.621705643278511 8.665188943407568 
2.0260919782490436 9.468459982366502 
2.768627543843553 8.798653343233056 
1.9238286517745626 9.333737291748621 
2.8922440689879196 9.583079586001881 
2.2990212440803064 8.778041276349086 
1.5657949875777994 9.458026023806939 
0.6105707866087305 9.753908983578203 
1.5249852920393443 9.349129892890348 
0.6144880852336543 9.762645111956148 
-0.10372007796587435 9.066816803884711 
0.624481133654154 9.752180207777217 
0.1859978461042645 8.853440864842103 
-0.8138749570469321 8.8693900817059 
0.1836203926057033 8.798657999724902 
-0.5438066432084662 9.484843038593144 
0.44925837117050127 9.367276558606283 
1.0411998405473217 10.173257511750966 
1.2239028751477863 11.156425656651818 
0.32744165804609926 11.599547859021055 
1.3008911043515472 11.828449967983854 
0.9301311284050326 12.757178690612879 
-0.06933391108182341 12.789883963024788 
-0.3902077492599196 11.842762017353136 
-0.26615690100974454 10.850486154979968 
0.7333992951942887 10.880275593211064 
-0.26313117198819147 10.963504362137847 
-0.489851107930099 11.937464356514669 
-0.7786847206760894 12.894843667001426 
-1.7560744978228673 12.683398110110362 
-2.6399143896022155 12.215608578697495 
-2.8520522685237237 11.238368833124955 
-3.357868155560971 10.375727373177241 
-4.0036546667900454 11.139245403032843 
-5.000732857990217 11.062857703545333 
-5.98642191031849 11.231431402918012 
-6.9162411005812885 10.863414727454748 
-7.9019101317870275 11.032105453109537 
-8.874963771505497 10.801526585407748 
-9.112982686709312 11.77278710452978 
-8.936818689040377 10.788426273368106 
-7.93986328560259 10.86640013793951 
-7.3424674475008604 11.668346652751271 
-7.678186428491779 10.726384463593757 
-8.637850783816136 11.007532689837296 
-9.572695572273172 10.652476044364041 
-10.009132650964876 9.752741263251822 
-11.008636143292602 9.721233029015707 
-10.405797858267334 10.519096427165914 
-10.765656632708435 9.586089641307554 
-9.821201921862079 9.257448044487973 
-9.284573202286838 8.413629570331926 
-8.286135406321678 8.46950414047106 
-8.246613458472547 7.470285437864763 
-8.32465112366362 6.473335026454282 
-9.323604202987937 6.519081559748748 
-8.360945238951306 6.789798605684017 
-7.523109927330925 7.335721668580227 
-8.495648124502328 7.102978344202064 
-8.128133940378866 8.032996260410169 
-8.033140856897722 9.028474192908295 
-8.198743163898145 10.014666808940344 
-9.043624033139446 10.549621308678466 
-9.462284073895672 9.641478274639226 
-10.271584315370987 9.054083076201243 
-10.113559471685075 8.066647939709714 
-10.994095661353377 8.54062686190397 
-11.971948438997927 8.331332941178022 
-11.820089300342456 7.342930795284551 
-11.242695823474984 6.526464768513755 
-11.17512793928511 7.524179447681153 
-10.814844347179417 8.457022271129679 
-10.171107102591275 9.222268871860495 
-9.736440344510564 10.122860238363419 
-9.229317950684505 9.260986188585768 
-9.853247740544592 8.479505787471865 
-9.874263805166656 9.479284925595781 
-9.542016726143602 10.422477312376255 
-10.538911740556012 10.50121948811253 
-9.796955290821252 11.171667567158918 
-10.13788232843604 12.111757326183664 
-9.167938301616191 11.868429183880938 
-8.192429869262169 12.088391222438045 
-9.19241002162261 12.094691610139568 
-9.982538615053521 12.707632721375298 
-10.660508883247545 13.442722046182103 
-11.456319985441503 14.048266998786646 
-10.477246161964317 14.251772399652971 
-10.912442221569764 13.351436690206826 
-9.998628546651538 13.757570372056101 
-9.702231642563719 12.80250551810787 
-8.705124630614096 12.878516087905059 
-9.173823186389006 11.99515791376814 
-8.548481993805941 12.775509368472228 
-9.218003631309223 13.5183019215548 
-9.723382223614017 14.381199643443104 
-10.400965147220887 13.645753260872379 
-11.377227059648222 13.429159912997328 
-10.703613302536628 14.168243471351863 
-10.981781878828459 13.207711200595812 
-10.536361536920644 12.312389627631815 
-9.69314894624124 11.774809376023063 
-10.223695119004132 12.622465413910275 
-9.651059537381123 11.802655380634713 
-8.653693009524186 11.730129460367538 
-7.654413503058908 11.768082957683472 
-7.8498698606412365 10.787370557292487 
-7.104422676731154 10.120805859757034 
-7.872802153249441 9.480811344104373 
-8.503791372629859 10.256602943070028 
-9.019922709920888 11.11311239582941 
-9.523384086387173 11.977130128521669 
-8.745553864836156 11.348655668864081 
-7.99015650113668 12.003922654844516 
-7.343248410062907 11.241354676429944 
-6.3814429658972305 10.967620704162588 
-6.424493798196327 9.96854782101624 
-6.292406655778716 10.959785929044756 
-5.368777737513432 10.576498019837981 
-5.428241153702317 9.578267534361231 
-5.014004071440921 8.668098517266294 
-5.793174157833123 9.29491107016514 
-6.792210648824663 9.33879830825676 
-5.7990728129293885 9.221848580111502 
-5.462125758631301 8.280324983699897 
-5.684675342981513 7.3054036112264304 
-5.959637406208566 8.266858687548732 
-5.411896264446288 9.103506547535808 
-5.6060699593831975 10.084473711203659 
-6.335964367089242 10.768033623427483 
-7.244424349171142 11.186005465727598 
-8.217109882834215 10.953878662874974 
-9.153565576209223 10.603092781822824 
-9.302284095838752 11.591972350789238 
-8.313263032746548 11.444197736054615 
-7.460586202908628 11.966636463426118 
-6.462929345079381 12.035052792078519 
-6.2533994859005535 11.057250543097418 
-6.967747776216483 11.757040883215591 
-7.9672615077987 11.72585915172755 
-7.467998052688838 12.592309382491996 
-6.490668947710537 12.380583567905502 
-7.405886680948194 11.977623891551495 
-8.402405576497786 11.894256686892705 
-7.403980987255181 11.950366753687668 
-8.399031700275941 11.850998355708848 
-9.206053566204197 12.441519911550525 
-10.092409139667614 11.978514730812407 
-10.54334141424199 11.085956562541465 
-9.593826164637704 10.772235682189342 
-10.590802098374047 10.694524759208413 
-11.178103170370054 11.503893309889955 
-11.088501022347224 12.499870947726114 
-10.354404034158705 11.820826315958403 
-10.314012220211472 12.82001023364626 
-9.439407733562046 12.335173155925617 
-9.264064466404701 13.319680514284398 
-8.283236809544949 13.1248033541578 
-9.103467545048106 13.696836168370368 
-8.543751077109615 12.868151985150693 
-8.632853899784157 11.872129552174693 
-9.518070428932358 12.337308761214407 
-10.390535791260021 12.825984718816642 
-9.425298471213756 12.564609670294594 
-9.693510827046163 11.601249855802195 
-10.364272811418797 10.859577178456934 
-9.735254831561697 11.636967930277724 
-10.082716942778152 12.574661953543844 
-10.407199693690618 11.62877034011222 
-10.679307744019454 12.591037043758481 
-9.792536311112078 12.128828837665814 
-9.940627640940745 13.117802526916229 
-9.557459774542139 12.194123802380723 
-9.630749603990488 11.196813118140636 
-8.710003366812893 10.806651143156781 
-9.138774095336682 9.903237803449436 
-9.309517238163204 10.88855337684596 
-10.065055103851812 11.543658355846047 
-10.335268944651661 10.580858023357429 
-10.142419343862482 11.562086351258461 
-11.14235633105506 11.573312287487978 
-11.92618427919804 10.95233423013815 
-10.941578650189935 10.777543625912537 
-11.547342224305037 11.573188328198235 
-10.565695053634709 11.763894469459965 
-11.53160902910603 11.505031200553018 
-11.920881442509446 10.583908522424268 
-11.801331642793915 9.591080317049352 
-10.849654454501497 9.283980122839324 
-11.528158698320224 10.018576604671342 
-10.568383481492113 9.737807067216597 
-9.805956175922315 9.090733189114893 
-10.584408019418587 8.463028857954708 
-10.924004660663556 9.40360002552 
-10.077183209723293 8.871722755628317 
-9.101836390858406 8.651045201422766 
-8.785361439850085 7.702444334153354 
-8.0841034295098 6.98953676445474 
-7.492633746047825 7.795864001713528 
-6.74377445725359 8.458593030492706 
-6.156300318409402 7.649350090338588 
-6.163926251149795 6.64937916818643 
-5.301445954270113 6.143288526606944 
-6.142364282768122 5.60212647620419 
-5.302583891178021 5.059200243737221 
-5.8762992160339085 4.240145467775623 
-6.824711809193126 3.9231067427955186 
-7.623682810232502 3.3217371896103436 
-6.636564678653331 3.4817302966732577 
-7.531963922836954 3.0364661127156927 
-7.129932210057469 3.9520918560844525 
-6.431551832884894 4.667818653668762 
-6.840358902106598 3.7551978232280137 
-6.797032233332181 2.7561368642405695 
-7.533503326548441 3.4326058796853616 
-6.5351471479792105 3.4899202819996287 
-7.5120159845535355 3.27608091207462 
-8.004225707378021 4.14655755665335 
-7.488057799269142 3.290070142479327 
-8.4228545583897 2.934887064141267 
-9.283394757776847 3.4442695974487307 
