0 0 
-0.9182762707597714 0.39594026135204685 
-0.7920600413315558 1.3879430150926422 
-0.5306912855881337 0.42270399105707446 
-0.7382919659827945 1.4009176474224279 
-1.0113463032142294 0.4389190357191147 
-1.9651596035207903 0.1385189888510987 
-2.4393691453536226 1.018931000601674 
-1.4432208518376861 1.1066155335894692 
-2.286843494330183 1.6435520634270064 
-3.1764865695899704 1.1868955200135693 
-2.3289355667927323 1.7176094708923793 
-2.199974858541473 0.7259597667491604 
-3.0873694179603297 1.1869704997194606 
-2.3332965531378616 0.5301797304950174 
-3.300939862445592 0.7825017984002719 
-3.9562488734540175 1.5378627055772047 
-4.918193578995034 1.8111068884642465 
-5.196210345871428 0.8505306669515563 
-4.674140002977866 1.7034330981070778 
-5.221125709246497 2.5405750437398407 
-6.17648298041882 2.2451220281550057 
-5.773422032855998 1.32994889013698 
-6.441647592208068 2.0739076267807626 
-5.530584864305703 1.661639866912129 
-6.044855990024249 2.519267530442276 
-5.236256569820275 3.107627095373278 
-5.597131215757544 4.040241426122946 
-5.259336929750937 3.099021462277466 
-5.727127109459253 2.215181913621455 
-5.965688525906515 3.1863093257475237 
-6.5667649160882835 3.9855009005067012 
-7.558043562203562 3.8537183305064957 
-7.471926777842003 2.857433281210249 
-7.895963566346208 3.7630782458597745 
-8.583377171742617 4.489344405828632 
-7.628146502898083 4.785206483998215 
-8.627402470099812 4.823774761270317 
-7.839040787070769 4.208562719181075 
-8.45356470663471 4.997460907975911 
-7.455053274530451 5.052003734792109 
-7.555392141387287 6.04695705620869 
-6.851576680733007 6.757339908862106 
-6.677806777893615 7.742126190685318 
-6.37855553596689 8.696300542785243 
-7.362891945074214 8.520000135225592 
-6.371664058155617 8.652163958546856 
-7.178354856295677 8.061190222923898 
-6.329386731618016 7.532746164123635 
-5.330831929479378 7.479003191319145 
-4.341213056415317 7.622719878156193 
-4.650066997963741 6.671610398238133 
-5.410946557646186 7.320503529391059 
-5.728041437815746 8.268897348946128 
-4.733175218496014 8.370096191115714 
-4.217989773801927 9.227174925874285 
-3.8040363550621343 10.1374729908583 
-2.842930189144737 10.413652167907475 
-1.843664406821513 10.375339033371729 
-0.9280068763833239 9.97337972330187 
-0.5351577546541617 9.053776783138765 
0.011245712221745086 8.216254693050397 
0.9492683591499484 8.562828658965044 
1.4855293764041144 9.406880861955788 
0.9115580232676557 10.225756240617708 
0.3394073602230103 9.40560770603536 
-0.651580504133933 9.271656025578322 
-1.5561558733325294 9.697969761504368 
-1.9844930313471456 10.601588751490723 
-1.6119950576569122 9.673555745829464 
-1.249806438513403 10.605660570494008 
-1.4568421981067958 9.627327194670825 
-1.4139025556486762 10.626404862875638 
-1.2866598601941126 11.618276475763848 
-0.49672187401118795 12.231463215660648 
0.43571368384861453 11.870126903565284 
-0.09407353318497669 11.021996309453856 
0.13465644402415894 11.995486215680884 
-0.01090288702570344 11.00613669142552 
-0.9240525849621071 11.413761064051414 
-1.5822180371700891 12.166634385082158 
-0.9665908688747816 11.378596829088346 
0.027586960292646845 11.270845058838669 
-0.9072070716108377 10.91565480289458 
0.04906573940249914 10.623178631358074 
-0.6388747275726498 11.34894575233974 
0.011193732303080961 12.108821398399538 
-0.13141831312260016 13.098600062798555 
-0.42294507202547416 14.055162736565196 
0.13194330144660082 14.88708754866393 
0.9015931769525078 14.248621363863402 
0.49571709081036236 13.334693247052273 
0.8871783290171992 14.254887845483264 
1.122973838439017 15.226690540342927 
2.1102485269041322 15.067666361313103 
3.101805614591016 14.93799546304404 
2.4934215724978213 14.144352686143534 
3.4895336592964488 14.056257791094595 
4.372118447113281 14.52641105580124 
5.220320617928884 15.05608366923684 
4.563622924372515 14.301929746434773 
3.792182445375996 14.938231237369394 
3.553169997399263 13.967214734053321 
3.1311392467176007 14.873796250233235 
3.774701184994896 14.10840221341248 
2.7758805211001256 14.156954055569187 
1.784150882160362 14.028609506606616 
1.0226255211158908 14.676744619438876 
1.792028430457457 14.037980842212324 
2.20591659244446 13.12765310487427 
1.4472974710995623 12.476118739909616 
1.6140993818542366 11.490128312690066 
1.9138288366717238 12.444152554475783 
2.870562148893238 12.153186286180555 
3.7853505874166564 12.557119588526234 
2.8292557108258642 12.264062278505076 
2.0583028630810682 12.900954503731754 
2.642368218193803 12.089247868944877 
1.8795511542431775 11.442633511738244 
2.4045956349223245 12.293708298879988 
3.400776256881758 12.381024783191462 
4.387992729633806 12.540409964205896 
4.434486200796232 11.541491370355892 
3.4464993742559438 11.696029490516748 
2.4478076859626237 11.644893282856838 
3.3158310398131423 11.1483699126414 
2.7705113142838758 10.310141783222752 
3.1560408340381803 11.232837285215698 
3.3914299707343836 12.204738491267742 
2.4078212615624106 12.024422359873334 
1.6073373767797317 11.425068082168377 
2.3131008249103986 12.133515649235067 
1.6169736573082762 11.415597153494605 
2.1172622143809896 10.549738412323679 
3.1170559771734734 10.570046831298253 
3.933898824879961 11.14690709353752 
3.5026053231628587 12.049118773453381 
3.973409053328798 12.93135675022713 
4.117374878962492 13.920939410266001 
5.077007836353443 14.202194787261886 
6.055360370071407 13.995249577683019 
6.9098028967023515 14.514795503164613 
5.937842912080363 14.279649190640635 
6.882588971766377 13.951846074871806 
5.995476240634479 13.490293258540127 
6.985955211953808 13.352629147842375 
5.985971674505567 13.35836716426816 
6.985073758529215 13.400734907889973 
6.290505547251783 14.120161763020409 
6.994162785371893 14.830701340553693 
7.1818798881496075 13.84847820433426 
7.256777511256866 14.845669432761829 
6.4194750118008095 15.392409338388482 
7.210740264875924 14.780936281520091 
8.209742490457153 14.825596703414138 
7.572667358556843 15.596398413527838 
6.708369433589068 15.09341819831416 
5.921538546294237 15.71058685824338 
6.920170589951284 15.658298796686742 
7.861691866185997 15.321345259240765 
7.450025431433009 14.410010662894415 
7.3977106187471655 15.408641305511416 
8.23485472089782 14.861658899730047 
8.917043542971472 15.592834946272713 
8.627233569021035 16.549919153121227 
9.58787407995324 16.2721246089777 
8.61291208119484 16.494496147122817 
9.215955053126482 15.696787444648127 
10.10650488829768 16.15167313476879 
9.590240176362709 15.295244067530467 
8.619948761976223 15.053304878543084 
8.77064419849978 16.041885115757534 
9.759131130426395 16.193191379376415 
9.609371523612818 15.204468940990878 
10.446264044105304 15.751836193522244 
10.97475390122035 16.600775809117206 
10.063435325942779 17.01247770898416 
10.396110236344546 17.955519279642196 
11.314726730013804 18.350669551765087 
10.3210242990156 18.46272078392367 
10.092196469887426 19.436187693796057 
10.945795674871741 18.91525737479922 
10.938317063576683 19.915229409594744 
9.938374829157935 19.925977796712925 
10.760761261459377 20.494907103364028 
11.657144112990357 20.051626398300986 
11.074264723010709 19.239067713197596 
10.074930839220087 19.202574032813843 
11.066491434829286 19.072929961467985 
10.593203853975934 18.19202198340786 
9.595915302652308 18.118431594097693 
9.030731054618217 18.943396299872514 
9.904150973414481 18.45642849246639 
9.885518568605042 19.45625489414371 
10.440388815042294 18.62431799171741 
10.881838177337935 19.52160415595309 
9.926455330009947 19.816974457492474 
9.248409580904156 20.55199415935057 
9.90040568723216 21.310216473275137 
10.719109764682917 21.88443214143955 
11.403376330489278 21.155200170857096 
12.295993440977686 21.606015758501673 
11.510515648186239 20.987125916097167 
10.882385407743513 21.765234135460876 
10.704009286794534 22.749196512523735 
9.714222604111427 22.60664012794847 
10.076895892918827 21.674723776774382 
10.784035473166158 20.96764979617007 
11.331451563779412 20.130789220125468 
12.243527027640893 20.54081159539524 
11.742083853606495 19.67562101337628 
11.05903016218386 20.40598917713611 
10.761276677060197 19.451346384204264 
9.99026320637517 18.814527549666348 
9.30036941697631 19.538438151432118 
9.673692074351706 18.610736586547066 
9.355866032005904 19.558885629053993 
8.388183505879267 19.30671400370893 
8.475288836522955 18.310514896414883 
8.857032153629628 17.386246515562007 
9.561263994782843 18.096216595147023 
9.899602129415541 19.03724119984834 
10.705548785786476 18.445253035199322 
10.882386088284965 19.429493132149787 
11.756730443620672 19.9147991678557 
12.24584212165863 20.787020336142103 
11.43622893358252 21.373984121816516 
10.453249715841206 21.557700907899545 
9.481468151359838 21.79358348659951 
9.062577322775578 22.70162009033748 
8.170398448330891 23.153302341477165 
9.093771704490337 22.76939892939347 
10.09300110133831 22.730148292776505 
9.095310042592333 22.662232526577974 
9.736645443463528 23.42949317563368 
9.654581303714782 22.432866125545587 
10.309770364116913 23.18833107849137 
10.875711498841845 24.012776729839143 
10.904763070042947 23.013198815812054 
10.303634015549369 22.21404685288907 
9.303928598394121 22.23831780075788 
8.629060999782345 21.500378965661113 
8.77647335129832 20.51130384282133 
9.031127647177959 21.47833599822778 
9.699576767944004 22.222093870755597 
8.922169361577827 22.851091267035592 
8.402035759384997 21.99700635564217 
8.813127117101226 22.908600506353455 
9.677447176800593 22.405658328363497 
9.272813676499998 21.491179389057354 
8.542331670066464 20.80824744641824 
8.052281988849696 19.9365529414801 
7.073269973173058 19.732750406754043 
6.496757254479169 20.549838581423202 
7.311187520154344 21.13010002452645 
6.7703185158013826 21.97120686680645 
6.7883564009465305 22.97104417092122 
5.939695036471493 23.499980734648258 
6.5333208605111075 22.69523954579728 
5.892166235408254 21.927827826633948 
4.893674481516314 21.982729715579563 
3.8936973758874283 21.989496414780515 
4.087072068002541 21.008371433725916 
3.98756836212699 22.00340862525045 
3.9739759396898897 21.00350100649145 
4.847417332555885 20.51657171672926 
5.4925337216201635 21.28065603443292 
4.743465587144083 21.943149000367296 
5.741655597466084 21.88300996734079 
6.735902755471265 21.99012013865342 
6.125624788555447 22.78230749218609 
5.935702216685643 21.800508420739003 
6.7103381046836175 21.16810092471639 
6.311470446488197 20.251092423531315 
6.080838513370512 19.278051359944378 
5.576968861558283 20.141831062173264 
5.187241661940096 19.22090071199592 
4.800581949948982 20.143123172751974 
4.19568731718925 20.939428694055493 
4.616359957008821 21.846641199539867 
5.554246867335262 21.499700075661014 
5.1363639938856585 20.591199165327126 
5.01877785343684 21.584261851955898 
6.016021638990243 21.51006729571948 
5.022236593536096 21.398751153890455 
5.643843148487326 22.182080772149373 
4.665607642796135 22.38957847190795 
3.8047840975383718 22.898482022622478 
3.9866481596547505 21.915158340963924 
4.466451355535681 21.03778219972093 
3.5056119362834774 20.760676424950557 
4.455745443374731 21.072519845119196 
5.178700726629664 21.76341466954168 
4.296386405591209 21.292754028643753 
5.205605922614187 21.70907105911993 
6.151566168732252 21.384788446628527 
7.147752694492612 21.472037549165478 
8.092000052871319 21.801274433786315 
7.47626880034371 22.589230666492664 
8.449985466261309 22.81699338186618 
8.324854861310241 21.824853103626968 
8.235899107906537 22.820888682276838 
7.3958254205828995 23.36336098559422 
6.6570191092955655 24.03727881025981 
6.047310245132932 23.244653362168776 
6.9002644267418365 23.766639151320057 
6.218498768339551 23.035068521084465 
5.514433118855739 23.74520341053642 
5.800683982381578 22.787048703231427 
5.006161770887667 23.394283793985267 
4.329134084286566 24.13024134138563 
5.02658323558688 24.846875614463936 
5.470171234568664 23.95064479198608 
4.659189543389873 24.535716323145124 
4.143436036839667 23.678979303703823 
5.055414851778927 24.08921660222991 
4.113554414087547 24.42522094135636 
5.109554656102433 24.51457147524558 
5.6652750653373225 23.683202227101408 
5.377790230683643 24.64098741692434 
6.181835316010526 25.235555748373034 
6.2166885731081845 26.234948189043706 
6.310940442920564 27.230496573119975 
5.314600965663457 27.1450118022012 
5.705097842207602 28.065616054531844 
5.167235181514963 28.908648532098773 
4.550986967161469 28.121096541239673 
3.7646997334663643 28.738957679464193 
3.7868172356553607 29.738713057592722 
4.749461869527961 30.009481055842677 
5.120936654383128 30.937924098908223 
5.998410398804223 31.417548772847773 
5.414614820694979 32.22944945826446 
5.611202629673794 33.2099356811972 
6.309389430441573 32.49402004983157 
6.055426090428028 33.46123389481579 
5.469245446576597 34.271414277677486 
6.36940561848106 34.70697330343281 
7.175210483162925 34.11479214867099 
7.960496379943206 34.733925462520276 
7.431906862830257 33.88504789631988 
7.434562052658107 32.88505142134261 
8.374894787385582 32.54479512382566 
7.44203334314612 32.905030499450355 
6.811544200584262 33.681228567672385 
6.676444911761461 34.67206063324131 
7.174581224067414 35.53915936715932 
6.250483056255661 35.15700419416416 
5.711692060325941 35.9994436654053 
4.745300553127971 35.74236886147533 
3.7634695775004343 35.932126431280274 
4.618978216629717 35.414337894930576 
3.62522483958692 35.30273939307667 
2.941921653261212 34.57260464143343 
2.458656889093244 33.697130388406144 
3.01811233416959 34.525990813914824 
2.364181055083052 33.769436861950894 
2.678553538629088 34.71873657310069 
3.4472392065160635 35.358363295482704 
4.346209025623865 34.92035271988745 
4.9731886753079255 34.14131708598997 
3.9742518552621253 34.18741729810211 
3.4248620003729258 33.35185115030481 
4.334595101305455 32.9366575989728 
5.152215029383957 32.36089927014993 
5.988106437669694 31.812004422702728 
5.287331929426327 31.09862157415907 
4.908732407413288 30.173060986227895 
5.393000575710541 29.298141366391867 
4.480292106297057 28.889529998634075 
5.260763579611275 28.26433860446527 
4.831492166525197 29.16751414327657 
4.779094712933515 28.168887833360237 
5.708545108239779 28.53783493345052 
5.581480779215935 27.545940455045823 
6.548898330790613 27.29275419770697 
7.544449200074706 27.198528581934575 
6.60296970696199 26.861458316191328 
5.610706628614247 26.985611380381712 
6.599855505605983 26.838694740255452 
7.069678275989537 27.721455503106363 
6.207633342585808 28.22828736160873 
7.104394893606808 28.670801452469586 
7.795115765327922 27.947679970719236 
8.429862678728366 28.720400072650467 
7.810141312128136 27.935578164330405 
6.828533672136571 28.126487674596895 
6.547300894622766 29.086127255299917 
6.7123433841666476 28.099840797598528 
7.069224547611023 27.165691004910766 
7.308534018325508 26.194747660927014 
8.28039380287418 26.43030775766882 
7.782768770917318 27.297700014707083 
8.733358374174859 27.60815034274471 
9.714168340209639 27.803116520649635 
8.785629598987555 28.174352033565235 
9.615539650639771 28.732249251847072 
10.116762947794667 29.597567231776516 
10.667597294618584 28.762952636673443 
10.450657571758398 27.786767635433748 
9.45914084863172 27.91674681745968 
8.918157138095037 27.075713747400027 
8.485582121725272 26.17411580196498 
9.20192892315979 26.871860210810038 
9.900261701005029 26.156086970609657 
10.31055076955531 25.244131445253217 
11.297642364324581 25.08397469848351 
12.288885710410774 25.2160225263333 
12.523190680955059 26.188185671478312 
13.123404714727187 25.38834624155316 
13.380556639623439 24.421975252997445 
12.626850763671236 25.079187130975257 
13.532471531352725 25.503275594793823 
13.725059489306252 24.521995880109326 
14.547984508180683 25.090145872022127 
13.677389122679191 24.598146202567452 
12.71352375395553 24.86453605030043 
13.560773011275224 25.39573158489313 
13.123960725194083 24.496178903429414 
12.752462033141345 23.56774542611232 
12.045660246945324 24.275157070793206 
11.377275761580375 23.531341112559296 
11.106071517657682 22.568819290428326 
11.02141942337566 23.565229859889364 
10.404697452980404 22.778048806235383 
9.560945516544338 23.314782138310438 
8.637214673753753 22.931739934268382 
7.836704633892564 23.53105927825908 
8.480903371333463 24.29591742633593 
7.493252572072713 24.45258873423754 
7.962577505575391 25.335614275653363 
7.55262125186625 26.247719461498047 
7.788627012231573 27.21947111756784 
7.043643492851362 27.88655398787098 
7.7910640787321785 28.55090515088763 
7.536256266537565 27.5839134348711 
8.535947553795237 27.559067304768057 
9.462097074368284 27.936223857862814 
8.943692498328158 28.791359341596625 
9.282658652991906 27.85056077336192 
9.290961242323366 28.850526306273128 
9.184978840955157 29.844894311892894 
9.758402884845033 29.0256355823764 
10.388802951880754 29.80190599626666 
10.85608121329103 30.686016298442464 
11.792048185573755 31.038104109642894 
12.199300984142308 30.12478863399492 
12.201649903283808 29.124791392709295 
11.211734282700522 28.98313312741847 
10.728800799204754 29.858790166743024 
9.767925816226873 29.581807735734746 
10.766490093888795 29.528241110140772 
11.586193717230644 30.10102900271554 
10.723540695750883 29.59523283375828 
10.921002828834729 30.57554334884928 
9.938577607011945 30.76219994135663 
10.777157139952562 30.217420750369037 
11.748531777097066 29.979867989256093 
12.745438151893032 29.901269771139113 
11.763333809354314 30.089607394482393 
10.857089369035634 29.666853311839205 
10.08440625826554 29.03206136928586 
10.681586872129298 29.83416816667964 
9.70575914527886 30.052709347032238 
8.862208088722207 30.58975833453911 
9.814527066286882 30.284654147464966 
10.68602088039928 29.794247650807527 
10.89937086287839 28.8172718143734 
9.995157981878442 28.390189777952088 
9.018391049570551 28.175885415071082 
10.009442363791294 28.309366846668667 
10.379758416927936 27.380461027551735 
11.102774429981302 26.6896297566408 
10.114454081929233 26.84202033911307 
10.288155079325048 27.826818777121428 
9.528977545383666 28.477702385732584 
9.863222018069068 27.535215976027246 
10.724770865231742 27.027541292836652 
9.754457082649429 26.7856918286429 
10.750000194455069 26.87999937095179 
10.128272269114047 27.663232661134955 
9.138433141000498 27.805424434650188 
10.056859905914942 28.201015482942218 
11.028139835593338 27.96307578847337 
10.097795026515032 28.329761670695536 
10.734306461237653 29.101028935310953 
10.184124262295926 29.936073573619378 
9.189831760353169 29.82938514603508 
9.049500116353814 28.83928059110543 
8.323471103247336 29.52694466034828 
8.623572362239589 30.48085201137943 
7.695898623806464 30.85424380965774 
7.294461355755359 29.938357288401058 
8.272254789431566 29.728786295513938 
7.479353610462654 29.11943605108163 
6.839936874791384 28.350575700859633 
6.301867842841304 27.507674925645667 
6.75637987481226 26.61693432771963 
7.72622352494241 26.37320641733137 
8.677124965401584 26.063712555465475 
