0 0 
0.4587458238682722 0.8885675377164193 
-0.3418450064032326 0.2893561205311469 
-0.9194493210022678 1.1056730049311811 
-0.19426625756682236 0.4171168892032162 
0.21294545170858897 -0.4962169072967261 
-0.13891832544371402 0.43983431049432753 
-1.0185091165388758 0.9155653692035391 
-1.5243967906237592 0.052966006110227615 
-0.9470105372509692 -0.7635051289681243 
-1.9382211736780608 -0.8957982664840209 
-2.6458555234003653 -0.18921944774325838 
-2.8850378734192312 0.7817552189908705 
-3.863516004033152 0.988105765174512 
-4.60788525942224 1.655873997146875 
-5.374718474935243 2.2977204114750913 
-5.023005504630383 1.361612518911775 
-4.12037669687465 0.9311926826943169 
-3.2799228500665594 0.3893095482589638 
-3.2309165315318698 1.388108016791869 
-4.118284403999043 0.9270459180317545 
-3.1557464158404107 0.6558990549639108 
-2.266672349861289 1.1136624274647613 
-1.998533289392283 2.0770426453698203 
-2.1167836759292045 3.070026454947735 
-2.5697947979555793 2.1785215905076103 
-2.8278258650027404 1.2123849705420366 
-2.2496345169379257 0.39648377246533795 
-2.205099712182611 -0.6025240609200695 
-1.2989419397186013 -0.17958424084744457 
-1.2529375196929402 -1.1785254770260811 
-0.4958312020826676 -0.5252337934462171 
-0.12951039331137743 -1.4557224097447443 
0.8571534224085038 -1.6184937670195563 
1.4178971570397092 -0.7905043564158648 
1.0303498601176526 0.13134546467670738 
0.3130928390655965 0.8281541656496002 
0.6966434995345101 1.7516740034732714 
0.34109672344256603 2.68633249191203 
-0.014824425413487274 3.620848482035788 
0.9809958434631675 3.529513975443662 
1.3084643942237726 2.5846518964804153 
2.202664089056218 2.1369835976680447 
1.9059740095879696 1.1820097777414853 
2.662472339507797 1.8360054022134782 
2.0001674664703413 2.5852398482654726 
2.584869517991438 3.39648796749104 
2.523965128758007 2.398344362906959 
2.744108349469408 3.3738119238103503 
2.6336656068111437 2.379929435487852 
1.795527553877732 1.8344712755663148 
2.7948350051391775 1.7972608220168926 
2.5412086058307968 2.7645630754898525 
3.0946461701750154 1.9316724089718882 
2.129254159539174 1.6708692920417274 
2.5163455763324465 2.592910633330163 
3.189053458193138 1.8530024595122883 
2.834927669380414 0.9178046592059755 
2.124396939172121 1.6214708310727701 
3.027576486823802 2.0507338095646324 
2.146693569403059 2.5240680316491133 
2.856023336795106 1.8191912473161747 
2.264587923297235 1.0128388729409254 
2.2723384824583586 0.012868908975662174 
3.1180151762397603 -0.520826631192098 
4.074647674612455 -0.22952908046910298 
3.1055260006039775 0.01705392982764317 
3.7825887134201897 -0.7188713944505417 
3.6606694258262955 -1.7114114124410493 
3.708046860636776 -0.7125343536040878 
3.0555788350001363 -1.470350608062796 
2.2125237250914633 -2.0081777937431737 
3.1806702096089103 -2.258562267136611 
2.1860778741393876 -2.3624183513362396 
2.980211531000218 -2.9701615002411406 
3.7251257641179687 -3.6373217398377413 
3.9438301253810555 -2.661530572443557 
4.584925490687024 -3.4289917979026727 
5.578047767303008 -3.3119100158480617 
6.161536818742767 -4.124031020902069 
6.124119557988415 -3.1247312917929086 
7.026833084554612 -2.694489163504175 
6.735536516485621 -3.6511219610974983 
5.7389815427742095 -3.7340567811132632 
4.983948271315167 -4.389743260301186 
4.398289871131836 -5.200301239902092 
5.027353003778959 -4.422947025181293 
5.297794393261658 -5.385683466194443 
4.594314975672928 -4.674967834574439 
4.012008044053067 -5.487936860667969 
4.081478038456819 -6.48552090217903 
3.804957114202722 -5.524513004995214 
2.8053291786503407 -5.55178919357215 
2.823904489874459 -6.551616657594281 
2.5973683788825155 -5.577613890443876 
2.7926695680527067 -4.596870577691396 
2.7770022665839127 -5.596747837991222 
2.1877510921998256 -6.404697745774479 
3.159062623941042 -6.642508402193681 
3.237948171887236 -5.645624722757997 
2.3824244163662236 -6.163388282444485 
1.9929847437584656 -5.242336307038557 
1.5067446320636257 -4.368511064911169 
2.137330033892718 -3.59239119594759 
2.4608878359383053 -2.646182789339707 
2.5106110273405133 -3.6449458264194634 
2.2344277264607024 -2.6838408455172043 
3.1781556538172326 -2.353118002146281 
4.173394929169245 -2.450579711534135 
5.172360797288989 -2.4051133027055687 
4.62484463301452 -3.241908408964068 
3.9430057705401826 -3.9734108119811062 
3.1770837555103344 -4.616344297570881 
4.095687268370449 -5.011524745165466 
5.036505944278973 -4.672614404423651 
4.271810045453644 -4.028223077418296 
3.359002433670557 -4.436612920424777 
2.4671734318963177 -3.984240251495316 
1.7137217280611736 -4.641743506230925 
1.6558714399252807 -5.640068775951467 
1.9308402157270512 -6.601521932550412 
1.1811005480964978 -5.9397890326722 
0.35261687466265335 -6.499802249349774 
-0.4397529395493246 -5.889761203578527 
-0.6122451618401539 -4.904750323816699 
-0.7785175318996521 -3.9186704594270045 
-1.222399044135123 -4.814755948147557 
-2.0242603472774654 -4.217245738592219 
-2.823048030357537 -3.615632709012929 
-2.2091845335048466 -2.826220518055767 
-1.6794998202092923 -1.9780259032998098 
-1.2064405797408613 -2.859056524224776 
-2.1101318262570814 -2.430871831632946 
-3.1046017313932137 -2.5358937711433733 
-2.2993973537161585 -1.9428963764022953 
-3.1545563435055346 -1.4245305768143848 
-2.16760839600457 -1.5855701648777947 
-1.9443667444377404 -0.6108070321087541 
-1.1617732564267813 -1.2333401095615435 
-1.7088508673179634 -2.0704219978267218 
-1.3938507106619815 -3.0195136168534136 
-2.3758465662294967 -3.2084160775261736 
-1.403677033072112 -2.974137613299193 
-0.5748733976592084 -2.4145980401443046 
0.22586399530629486 -1.8155824915090382 
-0.693780129008326 -1.4228297899096805 
-1.050749471653903 -2.356945889980322 
-2.0499690205085237 -2.317445343316146 
-1.8669537959749887 -1.3343352642360158 
-0.8785661883344101 -1.1823815309402073 
-1.733789756902516 -1.7006407785814188 
-2.387019656757507 -2.45780040371699 
-3.133871506261464 -1.7928099414601852 
-4.131554096249341 -1.72476988241347 
-4.873878192973227 -2.394810877743657 
-5.689728840124451 -2.973073552955304 
-6.234132876405049 -3.811896684063044 
-5.699604512648174 -4.657047219967387 
-6.656209529454589 -4.365659433983147 
-7.635641259465283 -4.567435265658449 
-7.11214053592747 -3.715410035717817 
-7.547597127242262 -2.815200306221128 
-7.377168410600092 -3.800570314159112 
-6.627625372337581 -3.138614701000492 
-7.472842091647907 -2.6041909951281843 
-7.662074701827531 -1.6222587066048837 
-8.62024856830317 -1.9084454316693504 
-8.212907065571471 -0.9951695148992422 
-7.9138774520344946 -1.9494133465418293 
-7.242636192874654 -1.2081744026097718 
-8.156187287473095 -0.8014504205802007 
-7.577040766807215 0.013773050377674512 
-6.930874683956461 0.7769698751701465 
-7.133151975139964 1.7562981640863118 
-6.134081450215506 1.7994036884093836 
-5.331701458925107 2.3962171848861464 
-5.055314407395552 1.435170777189411 
-4.49749794662857 0.6052064429572719 
-5.084759404320693 -0.20419085152135585 
-6.0809522732122625 -0.29136749959631325 
-6.216941258570179 -1.282077848720276 
-5.4583105441110105 -0.6305569825316544 
-5.063036760078431 0.2880063716560496 
-4.120347021774375 -0.045664210349962986 
-4.428602201903738 -0.9969679178605635 
-4.040209710369801 -1.918461961530983 
-4.029150858941726 -0.9185231124981575 
-4.531405711360632 -1.783242756788527 
-4.010993616621198 -2.637158005304979 
-4.1543094924913255 -3.6268350029782495 
-3.8499349053428364 -2.674282584106623 
-4.701193059211208 -2.1495354493144343 
-5.310882451681624 -1.3568950234534674 
-5.958377398700414 -2.118964766708726 
-5.238173665018803 -2.8127273932540513 
-5.993798654842708 -2.1577229087246526 
-5.005682099217779 -2.3114293578409044 
-5.8967377356194595 -1.8575352591385785 
-6.4103331085778255 -2.715567771853427 
-5.448129287148063 -2.987898097057878 
-5.373942026159507 -3.9851424253481 
-6.348564973660449 -3.7612895490999363 
-5.436152996707811 -3.352016554250069 
-6.251015299742185 -2.772361978581493 
-6.5452546507486575 -3.7280937423726153 
-6.849724773932484 -4.680615628781755 
-7.551154016629556 -3.96787653381824 
-8.311996507429377 -4.616813128712936 
-7.494553392651235 -4.040803793630762 
-7.324635509092272 -5.026262018441354 
-6.829676396863218 -4.157345752497721 
-6.03136290419749 -4.759587869447248 
-5.058234476061921 -4.989850898078412 
-4.766914288557683 -4.033225292968192 
-3.8818906559149067 -3.5676791946451756 
-3.0008801828355613 -4.040775956761033 
-3.9729276412167174 -3.8059915052853546 
-3.2528152195066413 -3.1121340991139936 
-2.481440620619644 -3.748515453485666 
-1.8599847448480453 -2.9650662882752137 
-2.6796549910666507 -2.392230633428267 
-1.7004172772369266 -2.189515316262702 
-2.6925736238246296 -2.3145184519263404 
-1.9639173672517614 -1.6296388568461437 
-1.6937635476694215 -0.6668216811761869 
-2.196395055123568 -1.5313224433009942 
-1.697978928658922 -0.6643845188335165 
-1.1996076178329127 -1.5313482069690494 
-1.2659535940156001 -2.529144885378216 
-1.1086079867775678 -1.5416012863999762 
-2.085130348925893 -1.3261852326243688 
-1.9206061209815497 -2.3125582748448656 
-0.9507861915160848 -2.0687359944609747 
0.04585656111554781 -1.9868627776752494 
0.610456214782713 -1.161497869844224 
0.8748137929069795 -2.125922605574427 
0.03556196107912779 -1.582179685828712 
0.0904435495434818 -0.5836868159254617 
0.9607459406152471 -0.09116905168261924 
0.6487442768381497 -1.041250607024224 
0.39974219983959614 -0.07274765625411594 
-0.05488994364905997 0.8179316429927622 
-1.0527819117767176 0.8828286378870568 
-2.023150935132067 1.1244563650054173 
-2.5442701087975674 1.977940288016382 
-3.52749059289642 1.7955191279268323 
-3.0699431245809077 0.9063339311100697 
-3.2992600502630145 1.8796857419142143 
-2.3145612362870707 1.705420869509103 
-3.0444776046182094 1.0218844072466418 
-2.267547075184711 1.6514707416235752 
-2.6601395510579366 0.7317582061606022 
-2.3000031762298807 -0.20114146235992314 
-1.3896192847032385 -0.6149060935801458 
-0.5707096215948275 -1.1888285305589321 
-1.3367913249947203 -0.5460853285599389 
-1.9346803431512827 0.25549356460515793 
-0.9422423537247545 0.3782406099587242 
-0.18732688475548154 1.0340627159531033 
0.8011372523493464 1.18551782368344 
0.3701294127837246 0.28316964130982036 
-0.06770498571339734 1.1822252789055496 
-1.0404552344565072 0.9503698205479392 
-1.9285163407838133 1.410095251026525 
-2.7421602199764665 0.8287316489216706 
-3.002764987888352 1.7941772221890568 
-3.6571267601820217 2.5503588610567878 
-4.56724279867226 2.964712329104099 
-3.8817656949731494 2.236618145427098 
-3.9173047078524887 1.2372498556742348 
-4.808667017104048 0.7839583008822584 
-5.46241582446517 1.540669934778494 
-6.155608725850431 2.2614220429745666 
-6.96842969228791 2.843935627811558 
-6.938082026653986 3.8434750313322854 
-7.614612130189918 4.579890008780233 
-8.284398065840977 5.322444249495372 
-7.626742875181836 6.075763338725884 
-6.703338712096761 6.459592404322997 
-5.755404801032363 6.141125294162223 
-6.108324827772348 7.076778784897895 
-5.44853722791553 7.8282309278020055 
-6.313205793697513 7.32588814508434 
-6.132850450215763 8.309489665049401 
-6.523233757524374 9.230142082292081 
-7.515035533869892 9.102356181513183 
-6.943705635867908 8.281635676317267 
-7.767060034537604 7.714108113822489 
-8.560989456286507 7.1060981852181495 
-7.888872328876676 6.365653341193722 
-8.804427058466324 5.963459933582374 
-8.998036383264193 6.944538640593852 
-9.384377565699573 6.022182694792866 
-10.250139170937192 5.521726060411445 
-11.043420231756619 4.912870446538004 
-11.669985723344164 4.133501673265904 
-12.391551396211831 3.4411556761380013 
-12.244702277172822 4.430314579569329 
-11.91801957191471 5.375448649469066 
-12.91051487948791 5.253165926056556 
-12.058259871671765 4.730039362352986 
-12.196752043135392 3.7396758339235063 
-11.598108727269574 2.9386601159945895 
-11.9632530448809 3.869611042368348 
-12.872296636521353 4.286312072481577 
-12.367399772903267 5.149491750827065 
-11.376976269342794 5.287554358346252 
-10.785729745944781 4.48106347273764 
-11.641927577185074 3.9644153586605455 
-11.006466629205338 4.736548367663979 
-11.239161760356799 3.763998638375855 
-10.273492184929307 4.023772137974425 
-10.10098996726729 3.038763008625013 
-10.734235744325435 2.2648122441457557 
-9.876967192087909 1.7499427176202726 
-9.535573805571627 0.8100222126609733 
-9.608372828347653 1.807368843618764 
-8.694333209918472 2.2129937638860455 
-7.986054420703427 2.918926591248585 
-7.26627877175735 3.613133343725291 
-6.290141283457876 3.3959799326620677 
-6.8915300304476705 2.5970233787781627 
-7.714877774022261 2.0294861613636295 
-7.7750655446334545 1.0312990885817515 
-8.578260334777653 1.627015572393653 
-7.823647773521527 2.283186192274237 
-7.177664565984381 3.046537812158561 
-7.544321226005018 3.9768941383382197 
-7.0656114966773345 3.098920906942743 
-6.516481789638152 2.2631837683357157 
-7.502758394369657 2.098082408682638 
-8.395495266674445 2.548660789020029 
-9.08693617941168 3.2710938061178765 
-8.322201083862849 3.9154386157003858 
-9.319541817799296 3.8425588487474815 
-10.316769522604547 3.9169692295343777 
-9.421878483674805 3.4706845351483318 
-8.423047029503845 3.5190138860515496 
-8.65565881752129 4.491583552489552 
-8.356232730090078 3.5374640535977018 
-8.785789035255158 2.6344239765839936 
-7.941077669065968 3.1696460873294225 
-7.241031729373707 2.4555482772779005 
-7.721875665833 1.5787420793240248 
-7.555311057408466 2.564772622066176 
-8.41522436738905 3.075212725622153 
-7.5083285350064966 3.4965676225999354 
-7.475559820223867 2.4971046611393843 
-8.040422610044068 3.3222895062962374 
-7.733252160919891 2.3706349916824245 
-8.316168599011277 3.183167099480541 
-8.264145616318238 4.181812987306511 
-7.56138195217201 4.893236372047108 
-7.765460257621807 5.8721909395550895 
-7.068189035067959 5.15538354408664 
-6.206926142485578 4.64722389411369 
-5.9151433158141185 5.603708489943447 
-6.061037834080983 4.614408338553749 
-6.015003962238704 5.613348217947503 
-5.862840011076431 4.62499295187832 
-5.614844012717251 3.6562318952715662 
-6.2467768566791735 2.8812087467642478 
-6.194936230738442 1.8825533760271385 
-5.493444498190577 2.5952309673452567 
-5.528368694919264 1.595841003175686 
-6.52654707563384 1.5355092513858934 
-5.559380590066883 1.7896528902912607 
-6.360780347829353 1.1915237836108923 
-5.382763788924573 1.400051025255849 
-4.483663066800746 0.962309216107565 
-5.380906727388986 1.4038449604524765 
-5.225693011716319 2.391725875576908 
-4.7595982560180525 1.5069910685807248 
-3.849583015664695 1.0924162715601864 
-4.71087785438848 0.5843107699291079 
-3.966304077725775 -0.0832294094655387 
-4.30082942370561 -1.0256161628195275 
-5.283335416223706 -1.2118471341052726 
-4.323867587257424 -0.9300289565887603 
-3.4115958788523786 -0.5204433977079088 
-4.386171040245483 -0.2963825693697024 
-5.3050346504388735 -0.6909578674591412 
-4.996979235733623 -1.6423262826752323 
-4.365506617908796 -2.4177244597026606 
-5.16721829361294 -3.015435417473767 
-4.205603225055675 -2.741033413247109 
-3.208914299942845 -2.659724209847801 
-3.2012359051726382 -1.6597536891554394 
-3.8262032220577966 -0.8791027730441687 
-4.825878671837621 -0.8536273906622531 
-3.8332956246410577 -0.7320589144112768 
-4.758824099482465 -0.3533808951683603 
-4.162750390399953 0.4495488236368523 
-3.2792233352267153 0.9179289500052819 
-4.248994333063457 1.161945776791324 
-5.24377834138281 1.0599419690580691 
-4.79060291697852 1.9513633254973186 
-4.952054413296912 2.9382439739733908 
-4.440538677158138 2.0789700643948397 
-3.4873237289284513 1.7766767259444587 
-3.9018094706214015 0.8666209199999853 
-3.333045786816239 0.04411993399183367 
-2.671629467613479 -0.7058990342298188 
-3.65266577087953 -0.5120749601985439 
-2.939672860316318 -1.2132462013990084 
-2.88898396747698 -2.211960693204711 
-2.201404584401872 -2.938069908109779 
-1.2552626142525507 -3.2618219309945182 
-1.213836896803766 -4.260963517524602 
-1.2481647273824197 -3.261552891181374 
-2.1162737945012955 -2.7651793951262413 
-3.0920402463624534 -2.983994000265585 
-2.097285834186671 -3.086286030535857 
-3.096791678760005 -3.1177195582371278 
-3.6703404393138017 -2.298548135843009 
-3.189626958436982 -3.175425863524179 
-2.192855060637559 -3.0951402249744517 
-1.2215093017744763 -2.857469409057348 
-0.3481992574304621 -3.344634233780825 
-1.3461515133022512 -3.408597465409682 
-0.9696178606676549 -4.335000406053573 
-1.7216273341411819 -3.675848108169337 
-2.223396486713097 -2.810846537345756 
-1.9964021827705123 -3.784742623166837 
-2.224774031871063 -2.8111686411098002 
-2.861473206064632 -3.582280929678221 
-2.357907971731782 -2.7183237231157076 
-1.6927172630311216 -3.4649972267692877 
-2.5686543075747332 -3.947422655199633 
-1.5867527454670993 -3.7580306745600383 
-0.5873361205381941 -3.723877932126731 
-0.4837655691542464 -2.7292558225363472 
0.19910779229190378 -3.4597925924714654 
0.34805308384752354 -2.470947154537199 
0.12649406096537003 -1.4958001915723822 
-0.4734694420391276 -0.6957728201265221 
-0.7732712904109038 0.2582286744807277 
-1.3008723680878453 -0.5912635873051757 
-2.145402619105408 -0.0557557394483843 
-1.1468156352268335 -0.0026140832049865795 
-1.3428968569567286 0.9779735745211913 
-1.0286894251622607 1.927327928703614 
-0.5669947074387602 2.8143668160283 
0.36516683972522546 2.4523242080539838 
1.3139313814826292 2.136340277602032 
1.8844574415897464 2.9576197761520997 
2.8471267487821326 3.2283000395436723 
1.856239794259967 3.0936039246858633 
1.9764279227477939 2.1008527908307597 
1.776707285619245 1.1209999104936315 
1.409866118330126 2.051283500578911 
1.70867021264377 3.0055979734972476 
1.5590639869043148 2.0168523149884505 
0.5706961211663142 1.8647702253903997 
-0.2599442369907955 1.3079609264373122 
-0.37770580895207606 0.3149190279409758 
-0.05775996724867094 1.2623548613232158 
0.6139019624042741 2.0032126427191344 
0.15651282647830506 1.1139459907317253 
-0.6809300144275077 1.6604709107633755 
-1.6001532202141227 2.0542077492016633 
-0.6180517353088882 2.242560273333764 
-0.3522921565543411 3.206599611898434 
-0.9238414127172646 4.027167371306278 
-1.9223787970253068 3.97310174323027 
-1.1714325426720595 3.3127384166646374 
-1.291486886290877 4.305505738134404 
-2.0056285679431802 3.6055045534733923 
-1.8549449228390154 4.594086588055309 
-1.537989417590167 3.6456461799681974 
-0.6390698325035925 4.083759840503658 
-0.428247742895212 3.1062353924548356 
0.22924798181202438 2.352777117570482 
0.6719578958303523 1.456112223627441 
0.6210080733619413 2.4548134380006075 
1.312784731986796 3.1769249630310776 
2.2379125510269544 2.7972691736138744 
3.1650532506591302 2.4225557856951085 
3.782544762544451 3.209133329710688 
4.4854878588412355 3.92037942169903 
4.620723816824534 2.929566000479707 
3.7667498314795393 2.4092502959752333 
2.8293078310262265 2.7573917841464812 
1.8350638814147116 2.65025183519701 
2.684258673028402 3.178331569608567 
2.6986658347685917 2.1784353581493017 
1.703381898759162 2.275439928771399 
2.05572401360357 3.211311198822451 
1.1073611991298882 3.5284987965048904 
1.0218645294323483 4.5248372527890135 
0.7159954361758811 5.476910830717982 
1.5526628773943836 6.024622061938306 
2.512681800705627 5.744686950020702 
2.0481599661321637 6.63024861653778 
1.7666112579099258 7.589795553846419 
1.1336889185370485 6.815580265749649 
1.1293334386206746 5.815589750897284 
1.9339233764703418 6.409420561744168 
1.0315801497673218 5.978402347252969 
1.4399669478685118 6.891211321319645 
0.46055580249873906 6.689335596366222 
0.8169117329363746 5.754985313633923 
1.7157231081528967 5.316649698173139 
2.612279380623135 4.8737198501223755 
1.7679625933580168 5.409564195751131 
2.656392030367283 5.868577415011098 
2.7092824825850084 6.867177735491822 
3.529722341842951 6.295444898109879 
3.0726711169348695 7.184885271496438 
4.064575902506976 7.057901428590528 
5.064208370066821 7.085011017304067 
6.062134650046636 7.020643791749084 
5.379877343287534 6.289531647564749 
4.380246500503208 6.262362213373015 
4.807215128709031 7.1666286511710995 
4.364978691171266 8.063527158982271 
4.418853011279642 7.064979434718248 
3.7955794793383726 7.846983337765705 
4.713750103235596 7.45079814696198 
4.72799855551207 8.450696632613262 
4.862009459699572 9.44167648990545 
4.310238939543068 8.607680510846667 
5.3101419236217735 8.593751317384738 
4.5654321455697415 9.261139769842297 
5.416672691016248 9.785915468391623 
5.876791298380424 10.673772927197513 
4.878445044035052 10.616285916190103 
4.107948814632631 11.253730471015581 
4.362164750448263 10.286582985893801 
5.2321642741911365 9.793530424104318 
4.235701177964699 9.709498895147494 
5.222006213765614 9.874430324395398 
6.122101401187703 10.310123626592706 
5.443555260319088 11.044681408331018 
5.9723298397645745 10.195919107016776 
5.13307845577972 10.739662717994879 
6.127355942385838 10.84649098966591 
6.677433556597327 10.011377453466551 
5.704729723177833 10.243427561096391 
4.771360436917807 10.602345066195335 
5.525029919573264 9.945091453870644 
6.15792025571877 9.170850004183515 
6.6491677199145105 8.299829953368809 
5.676650082214507 8.532659170526804 
5.255153110880642 9.439488979893689 
4.255167336090734 9.434155105333177 
3.747868971442891 10.295925590570183 
3.4622750121438925 11.254276304250682 
2.5580520904190216 11.681337081924466 
3.3543580652166334 11.076443046161486 
3.748711364420546 11.995401954604617 
4.636871818844655 11.53586848770894 
4.106972648630158 10.687807835747073 
4.10002704000323 11.687783714716561 
4.961410707102408 12.195738612374583 
5.529547022290789 13.018673073534261 
6.011727727575 13.894744855668362 
6.964286160115644 14.199100622158356 
7.018315003042505 13.200561246804543 
7.845269870880717 12.638292942025869 
8.137988835569171 13.594491461012234 
7.219568450185594 13.990097320058686 
6.427200423853865 13.38005395205346 
6.653116339882339 12.405907146440972 
5.728930849841297 12.02396319767676 
6.19611236235268 11.139801767638344 
7.117427080520902 11.528619449960804 
6.291965715136536 12.093078070461702 
6.612325440853294 11.145782105021818 
7.590087549450337 10.93606501227098 
8.532324829117098 10.601118884056035 
8.409045659085354 9.608746853899863 
7.895022000153209 8.750970846973807 
8.873821192857775 8.546148630500868 
7.928876196856698 8.218919422555544 
6.929658179861076 8.17938014447238 
6.3649973832616284 7.3540570654398865 
7.082895775367172 6.657909165484514 
6.092559652681247 6.796597175432779 
7.067597056086597 7.018637851797616 
7.955954205502983 6.559484745436793 
7.031992899136691 6.176998792311851 
7.072305927945596 5.177811692861376 
6.851564344434519 6.153144022536253 
6.731349025604417 7.1458918641952405 
7.657681348992563 7.522599213003727 
8.645234341757254 7.365312575041368 
8.77451965649123 8.356920011174305 
8.3350781367835 7.458648810056869 
9.239644968028339 7.032316958312631 
8.599497893263315 7.800569340456534 
8.550321243334372 6.801779243838748 
7.726674387195965 6.234676205252884 
7.845078759539062 7.227641665180891 
6.849272939533285 7.136149759295057 
6.310494307040759 6.293702381015865 
5.564271237369648 6.959398355384513 
4.569755292493608 6.854813292458123 
4.095455862014875 7.735176882259262 
4.606507918462477 8.594726645566004 
4.629516877244432 7.594991386702053 
4.598711468292548 8.594516787469491 
5.332348956999106 9.274057834915732 
4.621618146581481 8.570593752589486 
3.9814362844178275 9.338817146763784 
3.079300670698049 9.770269733334358 
2.2852215308472075 10.3780841126096 
2.352791009860408 11.375798683770052 
3.2273221118685758 11.860768117467043 
2.792055059845488 12.761069507793154 
3.080913045776607 11.80369755083817 
2.1429938494021856 11.456843718406756 
3.137641006565179 11.560173446692355 
2.523130251795081 10.771265003163016 
3.5131548362286518 10.630370282832072 
4.19196532345131 9.896056778641567 
4.385416443317266 10.877166693086737 
3.8750561580012652 11.737127377753293 
4.866661108239227 11.866431757661974 
4.014675555727549 11.342866462487274 
4.5183923329686415 10.478997601880614 
5.420708166825113 10.047922044730942 
4.421213523609103 10.01613433983582 
5.340663727167813 9.6229278760336 
4.609637630527327 10.30527738034248 
3.820854732808838 9.690605483907621 
3.149965889676423 8.949047556190271 
2.177117569928253 8.717603941538316 
3.169712748831142 8.839073323765863 
3.848678703984502 9.573243080526986 
2.882267198060016 9.830242693788888 
3.8517677018816983 9.585153377233668 
4.52130557217099 10.327931298451363 
3.5579549760473728 10.596176762435885 
2.811141288907884 9.931143442442727 
2.531403201877822 10.891219794960984 
1.7536134881035168 11.519744385686664 
1.0312208708976185 10.828261264702203 
0.536123960278817 11.697099022339218 
0.91318681709992 10.77091135128874 
1.383398315525755 11.653465115513974 
1.147495752488595 10.681688402090309 
1.214505474249129 9.683936079522441 
1.601479233918077 10.60602680679806 
0.9453701383743334 9.851360751681778 
1.6295517403144886 10.580672437839763 
1.255846557160134 11.508219976289178 
1.7706766479391425 10.650927740450967 
2.629859898073449 10.139259739996914 
3.393498335727879 10.784903865298695 
3.941347316951031 9.948326616162218 
4.255767466789567 8.999042691629882 
5.166524818026003 8.586100749985793 
6.149883590893503 8.40442652554951 
7.144569433281936 8.301469860141136 
7.4542380779175135 7.350625324725612 
6.6327103165799155 6.780456808099487 
7.4647735716032075 6.225776053394545 
8.354379658983857 5.769047458608441 
8.333676945044287 4.769261782758093 
9.074368462360273 5.44110705972009 
9.529910070180302 6.331321552718683 
10.266618150389117 5.6551106355079055 
9.277115399726345 5.799624670919022 
10.066118590222583 6.41401377025816 
10.845250151235456 5.7871533307394065 
11.780070803202232 5.432033141709818 
12.472110545822623 6.153892542586403 
13.216203231090223 6.821968942207924 
12.337717273400292 7.299737109985568 
12.06885234977173 8.262915002610915 
13.062176743080752 8.37826945487551 
13.923735575485154 8.88592719223993 
13.19867438418624 9.574611640207358 
12.384628780793205 10.155412600602974 
12.520608534868359 9.164700984398914 
11.850154236882855 8.42275015428093 
11.360138575628447 7.551036524855873 
11.556576524892224 8.531552782798107 
11.69274391487387 9.522238627001801 
11.531977441684754 10.50923109966729 
11.123663453141326 9.596389554403403 
11.436072171827375 8.646441770317908 
10.569322402898951 8.14769851165417 
11.44129759356965 7.658148445925652 
12.16691731435424 8.346244384591543 
11.442944645962987 7.656415728023517 
12.322378203006535 7.180394070169871 
13.258587155610329 7.531837944870381 
14.249277521863817 7.395703459112623 
13.657025118388379 6.5899509595337715 
14.598427063817573 6.92723774721175 
14.599331370468288 5.927238156097093 
14.856431097052297 4.96085327904736 
14.447582471299086 4.048251064925725 
15.392178886967018 4.376485145281947 
14.41056447150521 4.1856104760416954 
13.438327823287924 3.951610690009282 
14.355706669381306 4.349625831354903 
13.356040879341473 4.375477489406856 
