0 0 
-0.7600059798616075 0.6499160796399778 
-0.6649429989992858 -0.345555180452231 
-1.630320167600718 -0.08469713027343717 
-1.6399216558370324 0.9152567743759961 
-1.1346554756995135 0.05229322519837276 
-2.0396763192928087 -0.37307399575510003 
-2.9310979978092337 -0.8262487866150501 
-3.828146951981848 -0.38431759987007824 
-2.857976345325392 -0.6267407711632635 
-3.2188415968666657 -1.5593587370153337 
-3.0693656191716934 -0.570593379565887 
-4.061701952192989 -0.4470271942001097 
-5.015286219816474 -0.7481534875405955 
-5.9760381017369335 -0.47074436478812365 
-6.791298062121363 -1.0498395184494003 
-5.821318340392228 -0.8066537058815864 
-6.2584396374288485 0.09274885786671805 
-7.256700137401065 0.15170625091644319 
-7.489227308616008 -0.8208836496309441 
-7.601182121089147 0.17282964904433495 
-7.2317919111769 -0.7564447306848092 
-6.277048737926289 -0.4590132711326065 
-5.370745215396882 -0.036385864247074406 
-6.353266936953587 0.14976210557599096 
-5.5063586672770155 0.6815011230962729 
-6.424083797729045 0.2842850799449352 
-5.430855151923719 0.16810910501156628 
-5.946742642271511 1.0247654522726233 
-5.388559703401144 1.8544833602112434 
-5.641505806160215 2.8219637316395207 
-5.355767050318959 1.8636561800621103 
-4.383275852797442 2.096595809028857 
-4.661422617590826 3.0571343960908104 
-3.760408263240989 3.490923668959038 
-3.8790331345000277 2.4979845268567757 
-3.0623268532924746 3.0750381207595683 
-2.0651061697348676 3.149542538648036 
-2.7363892570541752 2.4083414750498653 
-3.309373593250575 3.227907793582766 
-3.7135460179087985 4.14259060808509 
-2.7194793219441307 4.033818350712687 
-1.9193949168797448 4.633705794132506 
-1.537305815667854 3.7095803055028025 
-1.8815604482956907 4.648456627450626 
-0.9182021975720498 4.380238654968007 
-0.43420866116754536 3.5051670826274006 
-1.1427011882061446 2.79944876833305 
-1.038181458834149 3.7939715816319732 
-0.10003239828414612 4.140203209576543 
0.607238310846893 3.433260394346572 
1.5926407763322257 3.263019444468384 
0.778136804201954 2.682861466514095 
1.5756536006810316 2.0795647241610884 
1.294159507968833 3.0391276849761337 
0.3741433097732474 3.431008017549409 
-0.19230427181917642 4.255105789241636 
-0.40704853623952075 5.231776102550362 
-1.4070454722193617 5.234251588549079 
-0.45846495880638993 4.91771563549922 
0.35220133567046796 4.332207173562793 
0.06271778326780264 5.28939016175697 
0.7213826337696779 6.041826614032736 
-0.03025195794765989 6.701406359426658 
-0.3400661494719854 5.750609237675583 
-0.5864122927082394 6.719791149244625 
-1.3609886864662375 7.3522715127602485 
-0.6489331052409087 8.054394613965343 
0.2467143898447488 7.609629996952268 
1.173561989574429 7.98506777725059 
1.4158500149515525 7.014863410759254 
0.4158802909928708 7.0070819477863955 
-0.26255359029304437 7.741743413172548 
-0.050227763866334624 8.718942340429539 
-0.8772307042898496 9.28113993605839 
-0.22651375375890148 10.040460323175516 
-0.7302292342214003 9.176590706426301 
-1.7285805545700348 9.119191741643492 
-1.2023063735052955 8.26887680801911 
-1.3202979692232142 9.261891401738628 
-1.88113984288705 10.089814340631637 
-1.0802422761621777 9.491012964869874 
-1.130799979119269 10.489734106466317 
-2.0929954613555948 10.762093894181032 
-2.9851161057313487 11.21389114503432 
-3.8853377758865024 11.649323050827944 
-4.24694932613143 10.716994199655 
-3.2475537674105297 10.751757933760224 
-3.9204228772957763 10.011996376931108 
-3.1791209611745517 10.683168090544697 
-4.151510486198734 10.449804400945723 
-3.1524747856017967 10.405899174231957 
-2.3490640767997943 11.001324428132278 
-1.4322569221172983 11.40065466881408 
-1.7183514903165866 12.35885605581311 
-1.4987691830943901 11.383262077584986 
-0.779739395604565 10.68828282271306 
-0.2846609707951071 9.81943453141694 
-1.240153764606759 9.52442008944163 
-0.40355238285452766 8.976607961015965 
-0.8699185507725287 8.092016192220054 
-1.834561355583137 7.82845546083709 
-2.784333652327394 8.141397283444965 
-1.8567483475648658 7.767785851086949 
-2.3479676866094477 8.638821763635109 
-2.131866224155189 9.615192675699337 
-2.780962933383179 8.854486778476636 
-3.7229301984333145 9.190191517159258 
-3.8108205963175528 8.194061366044581 
-4.208879518711928 9.11142121599564 
-5.023306264078941 9.691687600021886 
-4.261638374602982 9.043719988067988 
-3.561149470380201 9.757383280567165 
-3.556628064599177 8.757393502174525 
-2.5645882377650997 8.883318011206779 
-2.0477638762335064 8.027226556204766 
-2.8469579532609455 8.628299619354546 
-3.759027129008766 8.218263256758872 
-2.837145762222784 7.830791005400392 
-2.331376272289455 8.693459668939633 
-1.3827603035951463 8.377029986485287 
-1.9750233975681488 7.571285344854003 
-2.9700477381689057 7.6709174762777 
-1.9869698130486535 7.487729613302939 
-1.5589499456296878 6.583960288145987 
-0.5589886640153731 6.575160556771837 
-1.009686020768952 7.467837369854454 
-0.7371471434485268 6.505692598861584 
-1.663865421264669 6.129935717937917 
-0.7187569017128969 5.803179101676429 
-0.06526268937926705 5.0462475892881224 
0.7577912674746358 5.6142107783304525 
-0.1885845708200038 5.937278530809895 
-1.1829668529220905 5.831430162653149 
-0.18588609092280606 5.907784298434561 
0.49897111163942864 6.63646160156581 
-0.027531241304279308 7.486635273438058 
0.8316453698313914 6.974956125067299 
0.031213547941079334 7.574379930488268 
-0.45931511167702743 6.7029548711209905 
-0.7796807062313866 7.650248851797439 
-0.8017867437546072 8.650004483492015 
-1.464446036429032 7.901083485100175 
-0.6101051205847446 7.381370487846552 
-1.5650433559504808 7.084565894491642 
-1.9980023686045598 6.183152286117769 
-2.8373880867811327 6.726688500294156 
-2.1165388423162255 7.4197803894072605 
-2.35143738922768 6.4477604962677795 
-1.470631261041638 6.921237596611517 
-2.0131845155883936 7.761259004660576 
-2.308195790622612 6.805765233041585 
-1.5394694109597307 6.166187440110655 
-1.903691244281656 7.097499662800563 
-1.4467161496312946 7.986979152653642 
-2.4446875661939798 8.050642735052591 
-1.9534504403859432 7.179616853561198 
-2.7559329065873235 7.776292553954092 
-3.447890107951214 8.498231077292923 
-2.8914930696957 9.32914764098659 
-3.8801815423339345 9.179163961633552 
-4.808613373220669 9.550666768347453 
-4.465986144998615 10.490138206168142 
-4.543997922358164 11.48709064364608 
-4.611681791342464 12.484797461242971 
-3.845231444588573 13.127101023400959 
-3.2975024346319075 13.96375682577843 
-2.400826889057792 14.406445165323717 
-3.3893594897832027 14.255437558551556 
-3.0349354153537638 13.320352762682841 
-3.190223687775041 14.308221960729027 
-3.609711161349798 15.215983085427517 
-4.09634995953166 16.089586359290493 
-4.109849869651798 15.08967748722927 
-4.683554363925292 15.908739849476733 
-5.232649257224932 16.744499861772283 
-4.237054567695818 16.65073838684027 
-3.9216962258317913 17.599711050417454 
-4.009525212075736 16.603575482748393 
-3.1286805768635304 17.076980941755657 
-2.1320169559721007 16.995362152303812 
-3.085673049522727 17.296260898120007 
-2.7858627597634857 18.250259739919347 
-1.8030545439432133 18.065630351911445 
-1.864907711182631 19.06371561164753 
-1.0319097630736564 19.61699168961064 
-0.2970370845780195 18.938786597915914 
0.6049113214812176 18.506942791885074 
-0.3853116630627057 18.367449276333545 
0.5702930266307578 18.66210106580013 
1.2573493540071208 17.935496907394672 
0.36892764958337354 17.476468721867025 
0.4414853886807734 18.473832935430494 
-0.3081805141853859 17.812016469875378 
-0.8365030693053916 16.962972726743455 
-0.42446307322288207 17.87413848643174 
-0.599620519305031 18.858678921905053 
0.11959591602995978 18.163892825941677 
-0.4356983250241787 18.995546783938696 
-0.7664892414627398 19.939250852808666 
0.08560724145514476 20.46263559064401 
1.0825678512644714 20.38472832212165 
0.8942313062443669 19.40262377279409 
0.616126222720796 20.363174428677656 
1.2754864544412907 19.611347264479996 
1.1174955430726115 20.59878783075469 
0.20116066755395656 20.198375048855546 
0.9118841793633587 19.494903592603546 
-0.020976590466015743 19.134666470539 
-0.9992806074996283 19.341840914561175 
-0.005230373659995791 19.450763513700984 
0.9859797234305705 19.58306069215053 
0.2531395821333188 20.263461549956737 
1.2354307959640183 20.076101011873046 
1.3192466144590114 21.072582275404887 
1.9203322286470907 20.27339763815506 
1.1891939599448524 19.591168327703585 
1.6801795629123077 20.462336014018156 
0.707889258472731 20.69611275343591 
-0.23697695413450803 21.023569376934734 
0.2743108669632943 20.164159833121623 
-0.014049269100346207 21.121681859985422 
-0.9057937406221627 21.574221137297652 
-1.6577057302273768 22.233484635367983 
-0.8805152588259179 21.60421921349675 
-0.30657791268731194 20.78531999948603 
0.5350014303918785 20.24518648885889 
0.8931425792877357 21.17885394436302 
-0.026884837118661076 20.786999949792886 
0.09012245541355336 21.780131005341087 
-0.5085583659498939 22.581118691970282 
0.48608986420501277 22.684438091163813 
1.4833941906954005 22.757814384089755 
1.9255954359236995 23.65473024342024 
2.922599531855692 23.577381470354144 
3.4070145319778913 22.702543138056907 
4.399184040230443 22.827441764526093 
4.179823577843461 23.803085648092924 
4.624720622356122 24.698667369536533 
3.9635927987190156 25.448940653622316 
3.7810051008497974 24.465751082589943 
2.78311381555534 24.400843588928762 
2.269326002105643 25.25876088258275 
1.4426399852153216 24.696097369034895 
2.068204762963597 25.47626959927688 
2.7431272005078347 24.738380919800534 
3.155729763560098 25.6492920707712 
2.506531897973419 26.409911641461896 
1.5502786131758257 26.117371635114367 
2.300558933978629 26.778491473128657 
1.9424180404323028 27.712159026581084 
2.344660055241629 26.79662565115333 
1.4921261445630196 27.319297566548673 
1.8253023479104362 28.262162147240407 
2.651197890733169 28.82598530421921 
2.1833619712922254 29.70980064266998 
1.33215076417058 29.184977357296216 
0.8636233387114662 30.068426309750546 
0.18713505627458238 29.33197291426269 
1.0622141216832737 28.847992925747203 
1.012066166843572 29.846734725526 
0.795107884057161 30.822915601967644 
0.07336010606490573 31.515071758454923 
0.6822236634867215 30.72179679449624 
1.673577256622784 30.59057921420984 
0.9986152567900392 29.852726723001886 
0.4614755262640582 29.009233445085293 
1.4463393571452767 29.182563288510973 
1.4878982789960278 28.18342723370432 
0.6066938499888438 28.656162629351954 
-0.2962475677577827 28.22639897789023 
-0.9395182004833145 27.460760098866384 
-0.6151707747440516 28.40669812401196 
-1.613275686872242 28.345162895194825 
-2.0384856728589105 29.250257623837754 
-2.205942546468203 30.2361370259357 
-2.0614276866464336 29.246634395676086 
-2.30141493599172 28.275858355514565 
-2.51368608285036 29.253069161948527 
-3.478419663270528 29.516297425646943 
-3.2397997743788505 30.48741047191155 
-4.016239472582487 31.117602026165844 
-3.3096090520516706 30.41001920502019 
-2.3277053174335425 30.220638488095332 
-3.3123011088197 30.045792477032265 
-4.165445431599647 29.52411751644057 
-4.943700100307909 28.896168736177568 
-4.137340929983623 29.487594884089486 
-4.647491544835083 30.347679967186895 
-3.6532343719415095 30.240662799640383 
-3.4592387653040215 29.259660401781257 
-2.9179744748894594 28.418807877302665 
-3.7892074704653886 28.909677582438146 
-3.1478997184287327 29.676961341667866 
-2.815183332659546 30.61998828011697 
-3.0628956884743554 29.65115465726077 
-2.487447178101056 28.83331664646086 
-3.380804132519784 29.282664342562327 
-4.322912069983759 28.94735458402945 
-3.684481430623827 29.717033945014574 
