0 0 
-0.8558432504744342 -0.5172352758826054 
-1.5495683932909297 -1.2374751152585128 
-0.9429283791340934 -0.4424984531961643 
-1.3753571105188669 -1.3441665696741483 
-1.513070737194799 -0.3536944817141886 
-2.318536296238192 0.23894810298160762 
-1.941623768213071 1.1651969605883052 
-1.8107095065784675 0.17380326679120095 
-2.6771931484277074 0.6730087339163895 
-2.1407794071828348 -0.17094641785630926 
-1.8018729262908662 0.7698736484738162 
-2.085664708116486 -0.18901228038750562 
-1.6844775831203205 -1.1050083997773812 
-1.9394528425242916 -2.0719559769975104 
-1.9402891585248683 -1.071956326709798 
-2.8351647971349876 -1.5182719005161922 
-3.49620994390284 -2.2686180299355883 
-2.500200164842107 -2.1793738703765984 
-1.5007724003542975 -2.2131990617419013 
-2.3109971463669656 -2.799318384873896 
-1.6193536763562721 -3.5215574799051517 
-0.7393022462382643 -3.996435864701985 
0.08575256015186461 -4.561488575917981 
1.0444994411426094 -4.277227396383176 
1.9682147743440994 -3.8941477921121312 
2.0549810943591837 -2.8979191006406197 
2.7803645134128874 -2.209574059718584 
1.8323655940944863 -2.5278476039712343 
2.164918059129704 -1.5847628474413664 
1.693738815431619 -2.4668003298127794 
2.5399978834020063 -2.999571941179124 
1.8435740060049817 -2.281941268067046 
2.6909880563303807 -2.812873869544015 
3.022187683908614 -1.8693131631281323 
3.8525436754306694 -1.3120798840219543 
4.852405126636239 -1.2954342121192777 
5.199798239069089 -0.3577146242710676 
4.267477840315015 0.003918717757905366 
4.11101668111588 0.9916028300438442 
3.2560262965298334 0.4729589808897222 
3.082189885685799 1.457733524765052 
3.8995187006903973 2.033905034094678 
3.3801436185718563 1.1793586491193748 
4.143539208182676 0.5334274037358209 
3.954480420398442 1.5153931744027804 
4.117996053094309 0.5288524312684332 
4.675566373603597 1.358982142631164 
4.967265258033969 2.3154923416473983 
3.9722008161477373 2.414723165959417 
3.1021884475919492 2.907753062172565 
3.3080238757736704 3.8863396840437447 
2.4066476602672684 4.319376539426004 
2.7804954077935564 5.246866626526412 
2.4031604577881094 4.320789774691541 
2.1706482450236937 3.348196297993596 
2.32287636763155 2.359850913683391 
3.28317822998628 2.6388138738735147 
3.8293078737495323 1.8011132040617834 
4.675459382134771 2.3340556257710943 
4.824873956607778 1.3452809876785459 
5.565254550140016 0.6730930848412128 
6.544036932069561 0.8779956197799628 
5.646861952129312 1.3196709025038351 
5.927138097411901 2.2795903170306655 
6.536090843523978 3.0727968178881406 
7.533541584010422 3.1441552112490183 
7.806784910130577 4.106100160157632 
7.136900162740072 4.848565260491351 
6.138790983722377 4.787099279976736 
6.331576440234381 3.805858347403365 
7.304198728174863 4.038250010337776 
6.408635938668076 3.593314857702223 
5.534757190562694 4.079458801004791 
4.642293260805336 3.6283400427137478 
5.600240817507423 3.3413967057837843 
4.818867721701973 2.71733253828864 
4.7210871379041475 3.712540535358678 
5.58048469531819 3.20123256719196 
4.762057267943084 3.775842474973027 
4.8996879404698115 2.7853588567441134 
5.530658180629591 2.009551821436551 
5.28142868409245 2.9779962741832446 
6.278105806086717 3.059450030961097 
7.268648349391769 2.9222440912108065 
6.326935497984024 3.2586618456374965 
5.783609954510706 2.4191397471734817 
6.031727584579413 3.3878696587840853 
6.168136835044845 2.3972170878050063 
5.609061298942634 1.5681003620467904 
5.29636137033861 2.517952326644979 
4.568494374931951 1.832233990155657 
3.6822551323585313 2.295461801197796 
4.676383025569407 2.1872502863756456 
5.432709839380427 2.841444256624891 
5.351075843858325 3.8381066321438517 
4.905668133860755 2.942778774945875 
4.067019997661825 3.4874523502642143 
4.723274473814467 2.7329127141087493 
3.7560741566555276 2.4788978592524873 
3.6872906887586687 1.4812662466097835 
3.3109955386457384 2.4077660901076046 
3.2185043308056014 1.4120525889074487 
3.9306731297747173 2.114060852231241 
3.601015246391096 1.1699603915158407 
3.171495490758664 0.26690292960023476 
2.300586411438567 -0.2245412437885853 
1.303361270569487 -0.2989859777772569 
0.3204597979280033 -0.11485370173852841 
0.5728258380874063 -1.0824855438015428 
1.5320064639402626 -0.7996914013789619 
0.7381017067115072 -0.19164926760075818 
1.4242615968708507 0.5358014902767201 
1.4461571120781551 -0.4639587741936212 
1.4013306553363314 0.5350360149699527 
1.5809484711383046 -0.44870045393141345 
1.3164100969779173 0.5156747057427555 
0.3216415716719897 0.6178293975619279 
-0.23380387656879043 -0.21372357972129896 
-0.7784557106090225 0.6249386763011189 
-0.6488782542643743 1.6165079793794517 
-1.472371192832414 2.183834499232503 
-2.383694821872796 2.5955252122109096 
-2.827586012115929 1.6994445176166477 
-3.560419756584968 1.0190367700362084 
-2.691187437954881 1.5134406294962284 
-1.6923733438265494 1.562127438496205 
-2.4400529374756283 0.8980677836151482 
-3.4372374128785763 0.8230803045579919 
-2.5849027691521522 0.3000835023653303 
-2.104727686370855 1.1772561705874849 
-2.671892397527258 2.0008605600967164 
-3.4642208045085217 2.6109553850956937 
-2.5672377543632603 3.0530203212217146 
-3.36308566442597 2.4475237448079277 
-2.412094189388653 2.7567408439572922 
-2.710079210767012 1.8021702980916978 
-3.3472707709918783 1.0314648319256654 
-3.4076119749824207 2.029642641286789 
-2.7137117685954713 2.7497138208073615 
-2.4487563078317085 3.713974472193418 
-2.315969055778912 2.7228299087253705 
-3.0870207187156105 3.359602500065915 
-2.567697992920224 2.5050242962293967 
-2.317649622020206 3.4732576421797656 
-1.6023490074877726 2.7744407628404617 
-0.603242670454174 2.732173431492183 
-0.30672466075734744 3.6872006928441468 
0.47943423823052717 4.305225114321302 
-0.5202456347884945 4.330526329325181 
-1.2256670962363536 3.621738235654889 
-2.060159246020567 3.070718406657309 
-2.4258207368039244 2.1399704954815206 
-3.2640260392278013 2.6853253074970533 
-2.753406629398091 1.825518458079605 
-1.9257239169628275 1.264322122083187 
-1.259052339920591 0.5189705215857994 
-0.9566700205667057 -0.4342162035327185 
-1.8074015224548343 -0.959816728356628 
-2.153657162341864 -1.8979569267525949 
-1.4470382939662125 -2.6055512843159616 
-2.08677591767555 -3.3741446571801377 
-1.9002806812829953 -4.356600522246292 
-2.6954269353192455 -3.7501828157995565 
-1.8039191048092822 -3.2971775309082894 
-2.6253595263318297 -3.867471870603906 
-3.4075978131611793 -3.244492526950937 
-2.635592226608664 -2.608876782706266 
-3.0968879414677772 -3.4961232329401457 
-4.003393843806414 -3.0739300910900997 
-4.962629367291468 -2.7913222170236582 
-5.349877695621208 -1.8693467660458016 
-4.374030708322385 -1.6508916050177052 
-3.6692840054630067 -0.9414325964704635 
-3.796444991046411 0.05044949518431441 
-3.0304257761136832 0.6932671694542802 
-3.1677071869308215 1.683799255882608 
-2.390656062125126 2.3132367424038693 
-1.7744336990310994 1.525664523986527 
-1.3174032949566519 2.41511559613808 
-1.5300178481376028 1.4379794481138322 
-1.8570101465108257 2.3830064513283418 
-1.1765296478128264 1.6502402601788577 
-0.18960789920330012 1.4890401915637512 
-0.8395121480990942 2.2490562882795997 
-0.9975354626484405 3.2364916694863086 
-0.31169081522516295 3.96423964756721 
0.3194281507722969 3.1885535958953386 
1.3111760814750917 3.3167567235745206 
2.3087611134613626 3.2473009537857487 
2.3972310778718935 2.251222108815533 
2.5424947507137077 3.2406150870362733 
3.1950544618092875 3.9983523920799495 
3.243885948996044 4.9971594234224055 
2.3242885299981673 5.390021469148946 
2.334917434750129 6.389964980745363 
3.313033015541276 6.181902704939303 
2.5379240659158846 5.550075104868982 
3.5265979179176883 5.399995078323422 
3.5494038215223074 4.400255166766033 
4.53423123525106 4.2267185274983055 
3.7952458289303403 4.900439960469679 
2.9291648332977402 4.400536260739377 
3.925112235665869 4.490473859752117 
3.3936210230034503 3.6434100540900927 
4.347898140426679 3.9423334274860413 
4.495670198714335 2.953311982425607 
5.077689809867702 3.766486731315957 
5.08836187391167 4.766429783218935 
4.301329882257749 5.383341968309537 
3.4771101281070447 4.817071894168449 
4.266472053985858 4.203143763217528 
5.221065223946481 3.905231225944374 
4.497476329962448 4.595462428153433 
4.5699765445954865 3.598094031382128 
4.304545211801134 2.6339642644051855 
5.229269525247109 3.0146018139478823 
5.632423073345378 2.0994694646913517 
5.8332348860191034 3.0790993008492205 
5.572013848231978 2.1138202896729608 
5.922337865676703 1.177191717184705 
6.920672280412304 1.2348839727700676 
7.000070717769375 0.23804101214625129 
7.894744455179996 -0.20867915035787293 
6.926444512081024 -0.458469502842765 
6.817793030088609 0.5356104011191106 
5.985775905253208 1.090360348375199 
5.102750992477806 0.6210342320999653 
4.6975978136806935 -0.2932145861714037 
5.373822822365709 -1.029909731824577 
4.744729691197349 -1.8072396696996003 
5.721245384037633 -1.591793384893713 
6.686094664288443 -1.8545972402678212 
6.305558516354747 -0.9298311941157231 
5.80507783393695 -1.795578897853144 
5.9836783774794755 -0.8116572313337432 
6.644843365765255 -1.5618977649395092 
6.05873985819927 -0.7516615781280035 
5.084566019644804 -0.5258622595372303 
4.469999349901655 -1.3147271455860488 
4.485263004019096 -0.3148436419402575 
5.209004282993012 -1.004915059337906 
4.355009138899259 -1.5251960352194864 
5.350292411601481 -1.4281846591899021 
4.658933325356668 -2.1506959835764037 
5.484660316767025 -1.5866260094983637 
5.120567386855449 -2.5179886340374873 
5.851451075165116 -1.8354865943607859 
6.207073326533949 -0.9008568204228042 
5.21345191076901 -0.7880894397966769 
4.288467348425491 -0.4080847563700519 
4.472718073066654 0.5747945192631291 
4.542652794295042 1.572346089241698 
4.434558851662492 0.578205405250669 
3.9740543469022622 1.4658627721978128 
4.5994112226908985 2.2462016587745843 
4.27404801879697 3.1917907796679446 
4.758246780949316 4.066748812221585 
3.8045958864193015 3.7658335893396173 
4.804239711885485 3.7391460977502 
5.734599232820256 4.105794651280721 
6.2996442026535355 3.2807345431273167 
5.9594457312375075 4.221088200027846 
5.084001239272121 4.7044068749075425 
4.087698010289583 4.618500670713848 
5.087179902230526 4.586314529563447 
4.18137622404015 4.162616881969331 
4.8699261407046475 4.887805831320681 
5.7394072828094655 5.381771967330125 
6.672321772848384 5.74186994604623 
6.37869053841761 6.697788717787145 
7.325001034623793 7.021047816297934 
6.49128778799909 7.573245446139368 
7.475201241256447 7.751891231141931 
7.6379688542611675 6.765226797731693 
7.531645104642671 7.759558362285018 
6.563157420649517 7.510496912129485 
6.251135383881591 6.560422047410291 
5.297290078593678 6.2601236398550615 
5.9473251631937165 5.500219442742675 
6.795213601527429 6.030394127294868 
6.641820965915449 5.042228807452075 
7.6267809958619965 4.869446460530589 
8.406148954722502 5.496012965142518 
7.882359962810354 4.644164920036083 
7.833516357584533 5.64297135885621 
7.8486780073740245 4.643086303274489 
7.52772718436007 3.695990442652839 
8.527037576026219 3.6588590393929703 
8.37760929502868 2.670086472602143 
7.442654885313786 2.315318588268352 
7.76519562720168 3.261874170272075 
7.076487102251767 3.986912491784335 
6.175843378914592 3.5523542291619914 
5.647852509238568 4.401604275696435 
6.299074902862224 5.160491219873943 
5.579103789376946 4.466487188367808 
6.530757917608917 4.7736588345512505 
6.537209690131215 5.7736380216503225 
5.89421829031605 5.007764624956238 
4.898656302118415 4.91365656124238 
5.89798629561151 4.950256617322818 
6.6094173850725015 5.6530124817226435 
7.3451850892892265 4.9757784856535965 
7.015011221184241 5.919698618302854 
6.017229115044321 5.853133847838398 
5.087708279055494 6.221903444555147 
5.350962570860075 7.186629922810237 
6.3469705340307785 7.097365499322789 
7.134550325083164 6.4811528146709065 
6.276542713212593 6.994789785665168 
6.035866133462713 6.024184415826376 
6.967797478159761 6.386819175289879 
6.374672215010561 7.191929367881049 
5.391360859970756 7.373860066362043 
6.286465195176927 7.819716802427696 
6.753275830378206 8.704074100618296 
6.182836015414964 7.882734696045069 
6.433165697959232 6.914574043034792 
7.045087855637066 7.70549203685141 
7.2368689231369006 6.72405430467039 
8.236221433771235 6.688074317332235 
9.198771629455438 6.959177841448579 
9.475607645073277 7.920095018138037 
10.338232220406129 8.42593969986536 
10.70128099421195 7.494169563062249 
9.73133240618445 7.25085960316858 
9.550552894347907 8.234383252147161 
9.703715683071303 7.246182280608238 
10.312964836765987 6.453203422931495 
10.213562893826143 7.448250785492586 
10.961097685232062 8.112473440660047 
11.894246237208696 7.752982439459864 
12.435576264431848 6.912172233987439 
12.862619938093236 7.816403233669371 
13.491140577204177 8.594196140689982 
13.646361470483583 9.582075928057627 
12.801004042385108 10.116277031349945 
11.95108333634557 10.643187643736196 
12.168028715252595 9.667003899469325 
11.17211773231886 9.757343891012185 
12.097821623341945 10.135592891202167 
11.10029824192103 10.065257242214031 
10.668786303676923 10.967364468187093 
11.078287782687203 10.055055014827985 
10.978324617114932 9.060063876410778 
11.203828833608586 8.085821684579823 
11.84164142010227 8.856013287046531 
11.920824080512475 9.852873410780228 
12.194211468686477 8.890969394785182 
12.02825991538489 7.904835488078396 
11.96917681708688 6.90658242021659 
11.149920808689586 7.480010351786838 
10.342598025232713 6.889900257557425 
10.529196894150148 5.907464070256319 
10.449507975642252 6.904283851494152 
10.394367646470554 5.905805236751284 
9.410105765718868 5.729089221350441 
9.231374722566011 6.712987190762663 
9.766786214278666 5.868395849022748 
10.73303602456227 5.610788969986306 
9.740330038272145 5.7313494310991775 
10.57639789925833 6.2799754711537705 
10.544323079144245 5.280490000566704 
11.198185420657031 4.5238764675451115 
10.207961161236394 4.384392002263663 
10.927674146518212 3.6901202839741063 
10.09563258577526 4.244833580368227 
10.901560381647565 3.6528197394486015 
10.462846400071255 4.55144649309522 
11.362427065838032 4.1146918413986375 
11.423283753730978 3.116545327334344 
12.233447340354546 3.70274918514256 
11.737187369497294 2.834575215638314 
10.854427436944572 2.364750885191802 
10.214984958964326 3.133589826293567 
9.76340285114435 2.241360259479696 
8.87130062192757 2.693193871140507 
9.78726108492487 2.2919253448071126 
10.43579076519193 1.5307359769013964 
10.074861033581021 0.5981429633958923 
10.313724510858886 1.569196123229445 
9.318452942722706 1.6663275067249304 
8.78535937886287 0.820271212988385 
9.205146987567227 1.7278935813653862 
10.057751545479638 1.205336916660991 
10.867362177424532 0.618369605269811 
11.146735129931187 1.578552271957621 
11.124695238318123 2.578309364044336 
10.667272505746086 3.467558734989477 
9.681664887147393 3.298509564153845 
9.324711695688576 2.3643872921212354 
8.422507033504788 1.933079110499511 
7.470407154390426 1.6272918965902041 
7.521476088257972 0.628596765935392 
7.899072303662609 1.5545671208129632 
8.6449780645018 0.8885156243452277 
7.953647473043086 1.611054213842941 
8.733676923779525 0.985311410461385 
8.536891711477555 0.0048647876311218585 
8.437342627110477 -0.9901678649997736 
8.132989081697499 -0.0376087227967552 
7.215958893418733 -0.4364265180183479 
8.071814034979754 0.08078908176917216 
8.786579694335918 0.7801531158781243 
7.9684681275910565 0.20509358473524508 
8.532400368673922 1.0309146473555055 
9.532130210580315 1.054157779713699 
10.299482468631089 1.6953835683906504 
9.902359544154372 0.7776181392884968 
10.112560082404194 -0.2000401515879655 
9.117847937966541 -0.3027423896757759 
9.046163619233617 0.6946849803355932 
8.238626352012723 0.10486843084803543 
7.2521430842375105 -0.058993591596270184 
8.151035416576319 0.3791759815857334 
8.704357420161314 -0.4537914609645063 
9.212473502525938 -1.3150800576859685 
9.172086951201313 -0.31589592727150706 
8.676273016621959 0.5525328506239164 
7.679633944560309 0.47061484259092984 
8.485374563851966 -0.12165372353722143 
9.063417205497382 -0.9376602826037455 
9.903675558827976 -1.4798465049094756 
9.067430914213789 -2.0282030443562964 
8.426726774625735 -2.7959909092738986 
9.424700938661395 -2.8596114084650006 
10.417100455137717 -2.982669117274982 
11.17628535197475 -3.633544137854621 
11.661961472021442 -2.759405300817626 
12.261484375697613 -1.9590477007614435 
12.489516334838672 -2.932701348425894 
11.592156927664693 -2.491400890283865 
11.071626032845977 -3.34524372566941 
10.086980384414208 -3.1706787033299326 
10.924149436728856 -3.717622921552043 
11.755621535942389 -3.1620564104757913 
12.553308854935342 -2.558985153394313 
12.833297776777682 -1.5989819223343527 
13.557230655358511 -2.2888523357524635 
13.86226754357284 -3.2411928719203407 
14.702595719630198 -2.6991148733591444 
13.702599274638386 -2.701781332385441 
13.048955744379569 -3.45858390594792 
13.4183830294289 -4.387843547308224 
13.40513523453904 -5.387755791422954 
12.45583548563458 -5.702128160962533 
13.324470437875643 -6.197580802236314 
12.792866510407483 -5.3505877300684075 
12.71647790708119 -6.347665852023683 
13.312622917135677 -5.544789070078199 
13.607822642560444 -6.500224636774949 
14.49312775238927 -6.035214032045368 
13.493759640461393 -5.999670019023345 
13.87017077907935 -5.073217292369505 
13.593413774083398 -6.0341572281540845 
12.593784267619105 -6.006938671874315 
12.707405437351008 -5.013414525318856 
13.662614026147367 -4.717481168142497 
13.392144898925972 -5.680209816942405 
12.935751773696754 -4.7904315775796364 
13.770833149877344 -5.340558013189063 
12.98337428301355 -5.956925219485432 
13.966205325809659 -5.772417384106245 
14.49259735890615 -6.62265936583412 
15.262399685866193 -7.260941730784698 
15.577612650394041 -8.209962693141993 
14.664284103573136 -7.802739209582886 
15.14717980102509 -6.927061331946143 
15.48842965245351 -7.867033958622091 
14.702848354623029 -7.248275504539258 
13.87732972330776 -6.683900638557998 
14.619971125798797 -6.014211346941247 
13.663547905056019 -5.722227404190947 
14.307603350895484 -4.957248592272259 
13.977368937418333 -4.013349639971006 
14.799797652313979 -3.444481457599116 
14.959161550670355 -4.4317013661811195 
14.572643366784455 -3.5094195797809196 
15.477305033803951 -3.935550156277732 
16.344715689322452 -3.4379571954222112 
15.415819647488085 -3.06761661775829 
15.298651947512319 -2.074504473998891 
16.29605683213618 -2.002507973191836 
15.490629220297771 -2.5952021287967955 
16.49055434676784 -2.607439017854669 
15.978054093943818 -3.46612609173858 
15.19016089334533 -4.08193799845253 
16.092524354241505 -4.512913849793968 
15.111912796983338 -4.708875513829855 
15.354454472938652 -5.679016501225392 
14.555678845888274 -5.077387464666921 
14.412322779461828 -6.067058641482097 
15.374967900939083 -5.796292376788649 
15.446244994610137 -6.793748930187246 
16.09769369061646 -7.552441619272663 
15.79439953348058 -6.599544639401683 
14.91146262943176 -7.069036304363572 
15.90123175996375 -7.211714502578814 
16.03012997762069 -6.220056673746275 
16.22279840829214 -5.238792756228363 
17.22109359465041 -5.180425634542358 
18.21851707383058 -5.252164070405721 
18.653207855115514 -6.152743841811837 
19.653202749243732 -6.149548264008341 
20.47737319248156 -6.715890104678053 
20.845755661433408 -7.645564432907537 
21.14821709762082 -8.598726055938725 
20.630824036139224 -9.454473927645514 
20.90451036469291 -10.416292930141724 
21.81278696670504 -9.997922742105699 
20.822029444328347 -9.862277868063233 
20.59971679981957 -8.887302438582307 
19.641146982362194 -8.602444745936078 
18.807788943739954 -9.15517829789732 
18.360235908588212 -10.049435688544143 
19.17277021795436 -10.632349057839168 
18.77652597284152 -9.714203917779624 
19.7734412400604 -9.635718568918135 
19.66178361614856 -8.641971833063188 
19.113408717502928 -9.478204438583562 
19.233287195315732 -10.470993011522072 
18.8817907155334 -9.534803808048421 
18.165729211053016 -10.232841000324942 
19.149344188124562 -10.052559063125065 
18.396012660976673 -10.710200006349428 
17.63815581266339 -11.362620880835104 
17.580162679311364 -12.360937862802261 
16.77002925454799 -12.947183403579473 
16.835695107326725 -11.949341734887069 
16.96072377895041 -12.941494863830387 
17.063139771314162 -11.946753206660976 
17.580051873899148 -12.802791686053794 
18.44780583419026 -13.299785714588435 
18.482204663603547 -12.300377529443349 
18.9840788014145 -11.435436866856307 
19.906007951428194 -11.822795411818248 
20.74311374588061 -12.369836442175378 
20.776327445392607 -11.370388169294422 
21.604533890056672 -11.930811299631591 
21.799291134994412 -12.91166277439434 
21.975495778681157 -11.927309218225 
22.96231061502378 -11.765455955131305 
23.94835722006357 -11.598986460359724 
24.202814373397953 -10.631902411728497 
23.705718776995866 -11.499598192539752 
22.71401087508341 -11.371085791253362 
22.566276497103246 -10.382058717021916 
21.574230595525954 -10.256182074376438 
21.389714776829155 -11.239011618422937 
22.034914737980536 -12.003025368384453 
21.62789252547702 -12.91644362883732 
20.885025649946787 -13.585882801010527 
21.752016268928394 -13.087558341849737 
21.516436198782802 -14.059413285012656 
20.601065344245526 -14.46202500697775 
20.563113080567675 -15.461304560296904 
21.539611521635642 -15.245780096275224 
21.576679670271766 -14.246467356260021 
20.679761736346233 -13.8042703189534 
21.166204361570347 -14.67798284167759 
21.979952316379695 -14.096764925536315 
21.00124444439797 -14.302023058922064 
20.523575909306608 -13.42348292291024 
20.569810094686616 -12.424552294637062 
21.085099056977782 -11.567535792263337 
21.62877656276145 -12.406830001527794 
21.97956774639924 -13.343283708596113 
21.03405530223845 -13.66886966949905 
20.422802597552636 -14.460305157087443 
21.174551381124306 -13.800855563563788 
22.14724911014758 -14.032931258010583 
23.103911260576616 -13.741731103586705 
24.089646484547945 -13.910034603913335 
23.929057495853115 -14.897055969796552 
24.685374319353787 -14.24285044972671 
24.090844938497394 -15.046924336442672 
24.990181121309597 -14.609666483128663 
24.63658305992835 -13.67426902162504 
24.31406156565607 -12.727706881175521 
24.918754650685557 -11.931248299127766 
24.146076630697447 -11.296450160010098 
23.674279206910214 -12.178157135658884 
22.899524730778175 -11.545894926039038 
22.835828153726943 -10.547925614851586 
23.412137822980174 -11.36515701728619 
24.205442850437667 -11.97398140363308 
24.782243793796372 -12.790866139529465 
25.711191330375147 -12.42065474818092 
26.687153884254187 -12.202716469244201 
27.598852048263993 -11.79185583868787 
26.764702345111797 -11.240317741426127 
27.513745402636793 -11.902839060308475 
26.538287954187542 -11.682651035509501 
26.780420268380066 -12.652894274302627 
26.82073652112885 -13.652081243675374 
27.819357918327906 -13.599590243911527 
28.287917513965485 -12.716158353307646 
28.359697653886 -11.718737874515982 
27.898426101003096 -10.8314788624451 
27.842118113063055 -9.833065415773762 
27.358393933694256 -8.957844918816576 
26.56203402077911 -9.562667941776004 
26.52037100367314 -8.563536222228663 
25.535948432882716 -8.739354884828426 
24.953300466936497 -9.552079529329092 
24.41880181846964 -8.706910200267098 
23.974177690105172 -7.811192954437736 
23.038381453148517 -7.4586516052348895 
22.25368198182093 -8.078527995895321 
21.256453440178767 -8.004128831019308 
21.132132124837575 -7.011886818931615 
20.667339788297763 -7.897306540811504 
20.651968014855207 -6.897424693500918 
20.454610417422295 -5.917093127786793 
20.58513364524484 -4.925647876147156 
20.03150718300027 -5.758412993273564 
19.055003428966955 -5.542912602650135 
20.005039202426723 -5.2307715621785205 
19.154616653401348 -5.756871826490546 
18.368145422943304 -5.139244913490625 
17.622511170106975 -4.472889482059914 
16.676169496026898 -4.796057295895572 
17.66319666514918 -4.956610612318668 
18.6155021329727 -4.651464260622594 
17.970776043266778 -3.887050583839854 
17.162591444972882 -3.2981213392946898 
16.240580331015796 -2.910957929686273 
17.145086138342208 -2.4844966248615616 
16.289505437934505 -1.966827169427048 
15.87761399514259 -1.055594246758647 
16.029315923145457 -2.044020533863666 
15.410887572334476 -2.829861723235417 
16.151098756854456 -2.157487272269643 
15.22787084821223 -2.5417400910024446 
14.501344843149813 -3.2288790609117672 
13.574014427485823 -3.603122698378659 
14.570429760396522 -3.5185266917325935 
14.168853289124593 -2.6027011964984923 
14.817853127195702 -1.8419126515113362 
15.160896347102401 -2.781232271915405 
14.895487684936281 -3.7453682799802372 
14.091189275390857 -3.151142676019335 
13.094967621263116 -3.0642955928962525 
12.232818659822694 -2.5576407120481512 
11.503136812728247 -3.2414275224070783 
12.157734372845212 -2.4854499868354734 
11.336531686609815 -3.05608660336106 
10.462767459527281 -2.5697368573234347 
9.53756616638285 -2.1902601555829024 
8.882320934285552 -2.945676389068626 
9.275958243810562 -2.02641055779352 
9.466432948457479 -3.0081026617088313 
9.091736493537436 -2.080955118612075 
8.855105315920126 -3.052554668724901 
7.867063916130488 -2.8983658484371344 
7.78925703478322 -3.8953342978952965 
8.686380346658224 -3.453554077321281 
8.561113304060884 -4.4456771382562215 
9.558841951525622 -4.378315828677326 
9.555860744648891 -3.3783202724844204 
9.238486849085806 -2.4300197871871108 
9.616134675851232 -3.3559690940821216 
10.580636227900218 -3.6200462723749363 
9.814842455367296 -2.9769600433591097 
8.991447850448656 -2.409490815478976 
9.322672071376857 -3.353042889013079 
8.39476917567237 -2.980220925948632 
9.048852908078302 -3.736643077264895 
8.165185948452246 -4.204759200107552 
9.097796529566352 -3.8438748640745106 
10.05138597337722 -3.542764962788486 
9.519289005594459 -4.389448384662559 
9.407079109214187 -5.383132911639974 
9.665806174556499 -4.417182444142103 
10.291599158568967 -5.197171637119013 
9.302897607567571 -5.347069078883152 
8.518242640581434 -4.727136354481558 
7.77482923249308 -4.058304159776145 
6.77971773292513 -3.9595463579191468 
7.741063012162508 -3.684200658682699 
7.734602055368363 -4.684179786483527 
7.510569618453573 -5.658761474804224 
7.245931681608549 -4.694413631760849 
6.383045693788318 -5.1998122586124715 
5.486402928946688 -4.757057527122049 
4.5250440172396615 -4.481759428905803 
5.403833538485254 -4.958969002729444 
5.051657378553159 -4.023035269831926 
4.084544732307415 -4.277383710895663 
3.499838564543218 -3.4661385584426534 
2.9023289844095337 -2.664276786284591 
1.9418925671358618 -2.942776137045976 
2.8093409439655352 -3.4403033358357153 
3.3562016041402383 -4.277526972836778 
3.347504214711933 -5.277489149830054 
4.347306337996854 -5.297381718165078 
3.4193046433105403 -5.669957689826335 
4.416521526765248 -5.744512953576663 
4.299255204910984 -4.751412450224272 
4.126182330840969 -5.736321471535959 
3.6355344657653146 -4.86496352413621 
3.9136911332573563 -5.825499243581209 
4.731352243278775 -5.249799400643466 
4.752636396374139 -6.249572867398317 
4.013352556700775 -5.576178922966228 
3.0220523792122442 -5.707799430909361 
2.237582027849955 -6.327965753627328 
2.5939257792884414 -5.393610825984333 
3.1564894549848925 -6.220364786233026 
2.4352593124671325 -6.913060304858498 
3.4245479410619546 -6.767087672721594 
2.429536458471632 -6.667327212050002 
3.391422232431388 -6.3938756480503764 
2.4021337937336984 -6.247901728944641 
1.8339312572097528 -7.070790468378931 
2.011348615028645 -6.086654765772546 
1.0126650875832583 -6.035359424763444 
1.31304949356395 -6.989177650969898 
2.2968208818435927 -7.1686041139076275 
2.471744041570398 -6.184022025815837 
1.510563786443584 -6.459943241300171 
1.888822384041638 -7.3856432106980066 
1.0359403009124957 -6.863539626840076 
0.7113789135858328 -5.917674992837624 
0.8202624243337381 -6.911729508992152 
0.574998682678237 -7.881185901528269 
1.562300456357634 -7.722329967772186 
1.4623097453123506 -6.727341597134289 
2.4007877070134427 -7.072680728136501 
3.0415824930687574 -7.840392941250454 
2.281407537351411 -7.190674512467546 
2.677840434735786 -8.108738212801804 
3.492352182054344 -8.68888527474392 
4.331410717689348 -8.144844123930818 
3.4605305861520397 -7.65334865447707 
3.19702203599715 -6.688691594172597 
4.0474545079575766 -6.162607370273725 
4.2125200500991005 -5.176324770408187 
5.1169788128116735 -5.6028858405405195 
5.599280286285598 -6.478891142285253 
5.310241301257181 -5.5215738149931255 
6.071256814939935 -6.170307495276625 
5.490179335926041 -6.9841557387365825 
4.490575040888915 -6.956026512950391 
5.262496334767888 -6.320308402420093 
4.287513831472895 -6.098026783142591 
4.6727973520920205 -7.020825032349497 
3.7308941462273912 -6.684940601656536 
3.2076317221604964 -5.832769001824884 
3.496134340754821 -6.790248108157872 
2.4983468999663168 -6.856732865845086 
2.781578452032644 -5.897681309402942 
1.9991341176018327 -5.274960775361286 
0.9991389505258952 -5.2718517844047605 
1.081711761332049 -6.268436818867737 
1.3072236748101793 -7.24267722907429 
1.4575517324269247 -8.231313398295898 
2.10096115004323 -8.996835652265466 
2.123830860483989 -7.9970971982964505 
3.0727557650248105 -7.68159517684145 
3.671945600932505 -6.880988194268284 
4.042020847817689 -5.951986411900311 
4.8040135115916005 -6.599572066740456 
5.09553318736041 -5.6430072343115985 
4.734672612816095 -4.710387458765558 
5.307120450584017 -5.530328598747467 
5.274483700405009 -6.52979587812071 
5.491154191363283 -5.553551083846292 
4.98124249815872 -4.693324331685413 
4.25749916357734 -4.003255070198549 
4.079915152710828 -3.0191494259283003 
4.430408522153623 -2.082584213048473 
5.427158135503924 -2.002022384084461 
5.506583203900972 -1.005181544978175 
4.620994269797507 -0.5407116968787652 
3.6260218474632104 -0.640860979423491 
4.089689391442419 0.2451482804944225 
3.194700531498584 -0.20094020913116117 
2.2029401605867145 -0.3290470656562946 
1.5588092765062156 0.43586822649942825 
1.1427815704262323 1.345220164845538 
2.142089805272489 1.3080307608645836 
1.4557694929726606 0.580731352831918 
0.937487018178614 1.4359408454834897 
0.6953052819227451 2.4061717492502646 
1.4052883453608724 3.110390500513686 
1.350617704426018 4.10889494267695 
1.530198823751896 5.092638111182666 
0.5687039602027261 5.367461013009575 
0.6824692143851914 6.360968671229077 
-0.10889643963592321 6.97231178408448 
-1.0954806214953758 6.809058446891287 
-1.870778097253491 7.440654697737581 
-2.7978501417358155 7.065771483470307 
-1.9323607606455804 6.564844212082492 
-2.6281282740196343 7.283111270587395 
-2.27665210737462 6.346914440705705 
-2.0266457611954065 5.378670242752461 
-1.5502380482123947 6.257894725470212 
-0.8630742319996416 6.984397230412848 
-0.9960676493806545 7.9755141513325345 
-1.2863544841295034 8.932453832593321 
-2.20985022696622 8.548845160946732 
-3.0718392016380496 8.041918137062417 
-4.07183827671707 8.040558048424737 
-4.822967111786527 8.700713691532634 
-5.172048484716511 7.763621276093624 
-5.585637476815 8.674084974224941 
-4.747079402977351 8.129272752627728 
-4.890167084507386 7.139562736817864 
-5.551644796954063 6.389597913685265 
-5.46062145950648 7.385446673306878 
-5.684952731930819 6.410933728183789 
-5.371348365885004 5.461379990053606 
-4.389847678792515 5.652838604999424 
-5.388573544843538 5.602374315837347 
-5.5639261684736505 6.586880007738636 
-6.37803299015755 6.0061648599357405 
-6.25481096521324 6.998543987370726 
-6.260666260679697 7.998526844981296 
-6.55933623033755 7.044170386825027 
-5.567911229853037 7.174847348889055 
-6.391329132856947 7.742282769895397 
-6.093015447155716 6.787814884147873 
-5.58290399179421 7.647923193088652 
-4.955265662442134 8.426428252499402 
-4.102705740640001 7.90379876640362 
-3.794290917407948 6.952546803561629 
-2.915891413113549 7.430473901407475 
-3.492520500327366 6.613467845261646 
-4.38833717590279 7.05789161123394 
-4.6446986220459054 6.091310621905363 
-5.642826798280325 6.030153906763424 
-5.146003976238369 5.162301912758532 
-5.248502483704414 6.157035070930729 
-4.2802430178693545 6.406982278998363 
-5.255576508874144 6.627718731186056 
-5.244391483663872 5.627781285537057 
-4.268676004597835 5.846823071301632 
-3.274508996445408 5.954674635505641 
-3.0837639565247805 4.973035022538806 
-4.0391308825203955 5.268456817120195 
-3.0408236728122655 5.2102957042975575 
-2.690614093449355 6.146967071705814 
-3.6285291749189934 6.493832030950476 
-3.012093914854299 5.706426436514564 
-4.007930561685631 5.797582197866927 
-3.821359465970202 6.780023659860232 
-2.839707531219088 6.970705276696765 
-3.0974661361429057 7.936914623364311 
-3.701002882619975 8.734249807369052 
-4.621536945571664 8.343587499300236 
-5.373400786802399 9.002905908151197 
-6.236580283694284 8.498008734317283 
-7.236521769562417 8.487190932330256 
-6.293174237499007 8.818997251965481 
-7.1452653960620145 8.295603845913446 
-7.3755617324957825 9.268724392107588 
-6.949843074338742 10.173579974008351 
-6.254562399630633 9.45484164653622 
-7.048798907012522 10.062450377827847 
-6.538006660292539 9.202746195744991 
-6.182548233591094 8.26805410372381 
-6.6293057603921115 7.37339902368087 
-7.292127824405373 8.122175967407905 
-8.171072387160983 7.6452520158156725 
-9.108690531895256 7.297585200221976 
-9.89329937963235 6.677594106695084 
-10.831048117264304 6.330279688523773 
-10.458369913029342 7.258240332133298 
-11.414003811258969 7.552797376785857 
-10.902080453744162 6.693766250440153 
-11.858671626002824 6.985199483199905 
-12.400499099883628 7.825689214575575 
-13.16412548911892 7.180030839222578 
-13.78976577800022 7.9601425164384265 
-14.595329144707364 8.552652146925098 
-15.553214060274504 8.265499768336774 
-14.57030544188418 8.449593896146506 
-13.57734768145077 8.568062820321014 
-13.175413079815922 9.483731196977452 
-12.596853869902294 10.299371583804955 
-11.847901905077252 10.96199587734143 
-12.379930988620263 11.80872195717149 
-13.356293756794328 11.592583702983394 
-13.856664425917444 10.726772410910296 
-12.88784271292163 10.974531342995212 
-13.649710625863479 11.622263759375333 
-14.644484611114873 11.520162249753486 
-14.820764931141564 10.535822243063071 
-15.809408655883988 10.385543882919551 
-15.70858784600811 11.380448483520016 
-15.195431977988923 12.238743919321394 
-16.145438384938863 11.926513512803925 
-15.57445603846172 11.105551175049351 
-16.40085108535362 11.668641955006313 
-15.40753543339315 11.553212255317062 
-16.407191610377723 11.579433006957425 
-16.273703089906036 12.57048336637529 
