0.5517564490109459 -0.8155898111279544 0.5899752951133261
-0.012677118339674553 0.5835858394657807 1.5711711294344894
0.32056244444220483 1.3252450071008188 -0.2942705619924837
-0.37072170257437564 -0.2272078088559164 1.512310131934036
0.5434860778387565 0.443451052769559 1.1599198988208905
0.8569055811045565 0.17569869376043634 0.516214779927334
-0.04580373417069428 0.7105042771436985 -1.5256576968924005
-0.16904541351721702 0.2573108380331386 -1.1261037108223966
-0.9489509722114484 -0.3894469577504358 -0.14043733673319947
-0.39466559669106216 1.322309651309511 -0.12548155178601572
-0.2613211922088461 -1.1613935709119199 -1.1040538346664377
-0.13969934277060858 -1.128086146423362 1.1087551220289003
0.05670918700376726 -0.4257129706484952 1.4581687843001596
-0.06279711863387649 -0.709107401439674 -1.6903602782387237
0.7999663125607688 -0.23687903859494375 -0.6025637105704122
-0.29810111700031783 -1.1671629592708221 1.0178225952391973
0.28859755025385825 0.19315224584899116 -1.4897687299883349
0.4419971321600029 0.8851894251267272 0.8810465347785694
0.09996973324116154 0.03102089916630124 -1.42821660181554
0.28321010198913266 0.3481887537265218 -1.8077232487232666
-0.017240109670809245 1.0916146476603208 -0.41424876300875324
0.8359091236510412 0.24993904553658508 0.9820239273208244
-0.3869148794122661 -0.7518220068653332 -1.3053725517231496
-0.12249401169671281 0.3103550839451805 0.0902855780302474
-0.15136900133335374 0.5090508879593401 0.6526025746222053
0.13562529244334653 -0.977473574466358 -0.40036778098492753
-0.3894305104475402 -0.3995768275301179 0.9633305224052995
-0.4976864417609208 -0.42183695812522215 -0.7045891166954723
-0.04223155534040801 0.9249582385338124 -1.3761726589913246
-0.6443251117364825 0.14803143503202598 -0.47688661913123775
-0.026225457610735692 -1.129217494814574 0.599894895843974
0.32318480617131495 -0.8957586006432385 0.3353969859644206
0.8335552878930617 -0.34997901267918063 -0.4251466567514419
0.6017685729952402 -0.8338072445733673 -1.014923832603062
0.49242407598809623 -0.052162466641507255 -1.6252457707059804
0.0004689543922049566 -0.4353035658176758 -0.9371821875912065
0.23070647904519848 -0.889186506137046 0.4264930991493592
0.22167856973437305 -0.0789985977458536 0.45627290003248744
0.8616482400093464 -0.05829717258155931 -0.29583080001198425
-0.02151836023041942 -0.9422447264911199 -1.1741310187304168
-0.29016248410539136 -0.48184874922646737 -1.0100790513540723
-0.26252037616164015 -1.16373835723905 0.6101058533838795
0.07150613948317797 -0.5456928997095323 -0.2889293958144816
-0.04839159996267761 0.2165306063937109 -0.5068263790524625
-0.578197542136345 0.8777332731922458 -0.9274014404242941
-0.37750136666312195 -0.40640702098182624 -1.6456952516257584
0.45857796424647956 0.23055506422019878 -0.29061112605606665
0.1678507188211349 0.09020306942952527 0.9509165186973276
0.5374527697831717 -0.8876557718822596 -0.1394675771880447
-0.7541007855453556 0.8396682808378872 0.0260125482603768
-0.6252048085710253 -0.6728437390027638 -0.9769900709273922
0.24375998665055443 -0.4658378949210542 1.3662558514003926
-0.25755283941670637 -0.966651711221902 1.3000670640700478
-0.22468789840126857 -0.02217062693107863 1.7878574151670517
-0.21253771715185144 -0.2365753021082857 -1.784189003922514
-0.13263182727399014 1.4666561485316145 -0.06781658684399794
