0.017138987241203774 0.45794578548243625 -0.6284881155589437
0.3592233666577993 0.49289098722023517 1.5008084822954935
-0.3835530749210059 0.1887523702210041 -0.353014547190456
0.04511090176037946 -1.1392611941391388 -1.2396453715254068
-0.04517751914163126 0.2598459719405066 -0.5941839242376683
-0.40616807117124876 -0.3879886657834932 -0.6626367899430949
0.8161057669161809 0.7634566511999887 -0.47916812851336044
-0.6751812820469998 0.9088678587839967 0.6176448137348753
0.30233070022290764 -0.4135715475806676 0.8228119302248156
0.3267458147275546 -1.185383228741029 0.7200354420023563
0.04764173018902995 -0.32839498315697657 1.2294546516239362
-0.17218366200247037 -0.34707264921524494 0.6293363975162518
-0.5664858151108338 1.0574876335315224 0.6080293940158068
-0.4686309355305218 -0.44589276800319877 -0.85064210272634
-0.6067300381445604 0.9098934357786335 0.27269988659197386
-0.7077787567953173 0.45909908733387805 1.1364946195478196
0.09123263946567683 0.5743611401894557 1.6501691229110453
0.9062874059412163 -0.1829759391778285 0.48580032230066905
0.4567993269301276 0.6187263337733122 -0.758433198818286
0.5945572030188015 -0.30962466500678865 -0.39265200715730897
-0.22269139339728805 0.6517026417893375 1.235513758951317
-0.6187931954203487 0.0008469003902680239 0.32536835738854686
-0.2688132851485716 0.6973891401991361 1.276274417805355
0.6356017340466793 -0.21264261303548126 -0.8686555291202893
-0.4774113197371077 -0.4816110879966278 0.4760150264390375
0.43806986662018366 -0.6170115163931984 1.4095443639138763
0.10637109855161886 0.4606839497601509 -0.7901434054341063
0.30741983572773357 0.6819383512931125 0.5487158499292173
0.1921098603320246 1.2959552908523788 -0.09956462982312875
-0.6328201428273366 -0.25385904281471783 -0.3594827546246826
-0.052653176183695694 0.7282081288282085 1.4757644343732959
0.7354073069659397 0.3620754839321929 0.03110591109333427
9.891142492168825e-06 -0.7652019346092225 -0.42946927958405734
-0.2326995347036982 -0.9495899652019169 -1.3627625644268107
0.4537441279843131 0.2462190943638518 0.10782163865957939
0.09710480580078307 0.7918725883268238 1.4339995306692628
-0.4149010325637128 -0.33674807829344866 1.0947664276861033
-0.43808251279129506 0.5169198195010876 -1.6499485057274255
0.2746391846770557 0.5021082395827703 -0.5976718103916179
0.4186874713957667 0.19779536769206407 -1.0836277124163467
0.5670459348202157 -0.7181903365513672 0.6623453470701897
0.9916317354638675 0.17478934801729595 -0.05902165676795068
-0.956028290394406 -0.2893136484160115 -0.09908474585433868
-0.028892256178872477 -0.09025482434152243 0.01109621522759685
-0.4619543388079197 0.30478653570364767 -0.7563744815595617
0.11355646039325107 -0.8749115875539466 -0.7586777368667166
0.24705175792650502 -0.5082293867119941 -1.6088273073902468
-0.055036549932673484 1.0096242215024884 0.8776863685215401
0.33178361643674115 0.7196196614416532 0.3699146786430667
-0.3086993152506712 -0.2341512286485854 1.3584395766323434
-0.07496906304191464 -0.9650007340871574 -0.42082728150428483
-0.40303259075326303 -0.5065477702783269 0.49831685569499484
-0.5716656711642276 -0.7747344445671634 -0.47306517805568316
-0.18205712945161912 0.8895936573378873 -0.4466189571766228
-0.8234554991932115 0.17925563744037598 0.5050643198311078
0.2761620674373053 0.18455003297034533 1.6898467316605479
0.0781569575269423 -1.083307180816477 0.4256233487509835
0.11651467979533625 0.6912433542981624 -1.1864080063657663
0.21945756857959076 -0.2416606041557685 -0.45737040035496834
0.5463152333879118 0.26132449908597977 1.0502595140460498
0.6485796075640069 0.8096338321580463 0.05820050942939803
0.9225299290781448 0.16970250004720389 -0.5560539540049971
0.5282053265524047 0.7809019377578457 -0.7135123129311749
0.23909471050665676 0.8410578352625846 -1.0573001541971023
-0.9047664873965429 -0.28963708837555213 -0.6790501755329301
-0.5502893915464195 0.7317539348847153 1.2260151224240503
-0.46123096745254655 -0.4215018277670419 -0.04734783578896273
-0.389167868026288 0.5940773318422585 0.05313994021215951
-0.09430918760940243 -1.247090200007389 -0.5193716259774104
0.07077715470986856 1.1771315525002244 -1.0815602830660471
-0.6494774381942989 0.3374999110344121 -0.8652944159877531
0.6784780158669432 -0.37532021317147723 0.006334603894395219
0.5688393746791007 0.4064777642092854 -0.1569336087711073
-0.17210656920108391 -0.9055209789029344 -1.4411583976730613
-0.45824750200220477 -0.6191957937888504 -0.029222005984844923
-0.25179548616352054 -0.255812950156423 -1.458824659532425
0.6509101981606871 0.695938953267448 0.5797572590296696
-0.10062383950286735 0.6925606803511206 -0.2851136098828837
-0.570283926274666 -0.3464608098380402 -0.0542435481768635
-0.5399856897190007 1.2015539833776758 0.10354861185055553
0.5263507169752437 -0.6472378194550616 -0.15834824377616252
0.26529666776082084 0.11492984571335452 -0.5197763607644585
-0.4061067139443595 0.9599235567955962 -0.735372634306112
0.6299446616177371 0.6837853396365943 0.9644449856969253
0.025578253655310856 0.1003838219883193 -0.47551837120834994
-0.16218347692489443 -0.3345228352163039 -0.6003317272484288
0.41319650015526266 -0.05807425037047276 -0.5673216436159918
-0.2553794805279277 0.9799428583740308 0.18511690641695244
0.7013435104207728 -0.8181421000953327 -0.7564819495666804
-0.23838163961232972 0.141908704783563 -0.3878712915181213
-0.50670868652437 0.45546418989747783 0.39662684475640786
-0.6044108165536546 0.11993776913910681 -1.1509089236139265
0.3392659608246489 0.5532661712482643 -1.6007364321802022
-0.7328681440876958 -0.6123883684459472 -0.9688342807327972
-0.16453786857568664 -0.36567658830081307 -1.5475888504206896
0.287549213644952 0.9612667655781824 0.5624567751687266
-0.46192758276126566 0.23347934810114213 -1.1855890329573704
0.7466679618319545 -0.7456793469650442 -0.6617654433947329
0.5940809371397708 -0.1703999811150676 1.2801816078055026
0.42346243435121655 1.3151910686975912 -0.43601299822602213
-0.40553068364879796 -0.8654655436845611 0.8275450580981913
0.5853352054744394 -0.14280623294360884 0.13737631348474366
-0.32861192217139656 -0.6489248151193918 -1.1972665225269155
-0.5498442144862745 0.7588793931116897 -0.6236804997879193
0.5468651740231791 0.7331876164728008 -1.2559149708726896
0.44559269240942667 0.5070189591590277 -1.3148519495830944
-0.18416627794473373 -0.07048851519356636 0.5012570977880855
-0.23822079321444978 1.176621553325789 -1.0802952926618712
-0.12904647591446006 -0.501927773728579 0.8389565464973177
0.28660011304197 0.1454933087475505 -1.8137273938771257
-0.15074419841553865 0.16063673606819817 -1.2259662040592607
0.6175123705884267 0.5616339663265388 1.1926015963063414
-0.3861158459082752 1.1030485458819226 0.9215669351440106
0.320212942324998 1.2447034913285027 0.6353044131034227
-0.3833584225407509 -1.1751662769502704 0.0014776503124234175
-0.26890193661764394 -1.0267095221190305 -0.4709442254273233
-0.4653900936401554 -0.472318286949696 -0.2801965362618888
-0.3618570349100907 -1.2365874280012568 -0.2437328943102166
0.6902472202545449 0.5745144592316809 0.3922981234567846
0.06875203833279109 -0.36172585206639174 1.1399697917089568
-0.6607591951167935 0.73443650699453 0.475489836238316
-0.046908214132898474 0.3288365260838422 -1.129256652862876
-0.6427546602463032 -0.8246378566278809 -0.27822777630962303
-0.2443825794631238 -0.6505642896090067 -0.6888965891693015
-0.027506798242901587 -0.013363620888020566 0.7177272707864306
-0.63750808485266 -0.6926732025675479 0.531762189673969
-0.040682330323863036 -0.737093708282551 -1.269018648969992
0.5950161020208171 -0.03421885416302217 0.9942561842687776
-0.763855442876197 0.1696276247954125 -1.0337703643331055
-0.14329741738871116 -1.317041746283878 -0.24189815276767757
0.31047283132022185 -0.783493431296658 0.5215183253274391
-0.04712874487047958 0.3904978699947286 0.010097306227591307
0.8825247985118188 0.652346109662183 0.10723247452435603
-0.6247381719425174 0.7686057329569307 0.6440619393542844
-0.5474111204864731 0.9246757492517306 0.5259701298076758
-0.3093565465638688 0.25418061066454145 -1.4988627755071255
-0.4816918284608973 0.5364989118467447 0.06224840906500395
-0.41282748923378354 -0.36530118124916156 -1.0391189931653493
-0.9414918464928204 -0.35248472185704505 0.48118563963002225
-0.6076792816354006 0.9232923121792709 -0.2880450807843298
-0.37946962160834086 0.1486639085918655 -0.02683937409432735
0.019792457485773518 0.36172783612974957 -0.2269838329187457
0.660210884406355 0.378211287571278 -0.770457358690571
-0.3322537388835922 0.1666242746250477 -0.7649042232694914
0.7972534354630172 -0.5178032078772697 0.056463066894624436
0.13701454653969725 0.09704369629088294 0.8854969411000502
0.5527225125331197 -0.22470956258704655 -0.46323231366680595
-0.8868098504323867 0.5547039036335955 -0.24441512507754748
0.5259233343061673 0.4329516089505181 0.3095075753435661
0.18921876340436072 1.2368954607870943 0.5564618410740327
-0.41782356975494706 0.8951685743651914 -0.005941237427481649
0.157934604975412 -0.7821673323956259 -0.22506922289300668
-0.14792336190446176 0.10782644727491508 -1.2403387800141843
0.5445998443917597 -0.3706740540145379 1.0233835416663535
0.3860839754355858 -0.50317324706896 -1.5770983431219263
-0.6788698941704148 -0.6706881194210524 0.09092165585532763
-0.5144630739961509 -1.0349881437756117 -0.7561988626868454
-0.5843620587577651 0.642181360856978 0.2033818933612328
-0.27891869140733494 -0.4696704766770683 -0.396664366574905
0.6241521623718465 -0.6519359035875885 1.072273306703159
0.18186852409718934 -0.2846075383645661 1.109191769885756
-0.3653229255642998 0.5185252074354625 -0.6906903066001138
0.1870644665499983 1.4414278056964052 0.262436021826959
0.2999374737121214 -0.6214985550577373 0.6753758662351266
0.26689815887593493 1.0621490662974118 -0.07173547592860219
-0.4500415795501558 0.9567550513145329 -0.15466729067812723
0.2804947487870981 0.971558534667385 -1.1785016072305416
-0.11925497431094301 0.18526140209093445 1.0543669752540819
0.7461429449966979 0.2809387002187973 0.5098145112685462
-0.6047514921768855 0.17901345751709208 0.5106439286905142
0.2854850329862113 -0.4031246189657236 -1.3178662071600686
-0.0864607466925309 0.12795723335795017 1.5347623231753182
0.420097148006056 0.3264944694455243 -1.2222677286315173
-0.585151279958023 -0.23297177353560317 1.023610710870321
-0.6955969821150472 -0.15080801211978212 -1.3331955883590023
0.3488531541226272 0.3654623349245756 0.7627699807507802
0.23243988987191022 0.18815689894678145 0.7418157711712552
-0.7925468005988401 0.35552477298076024 0.45464716872090527
-0.22220650523243446 -0.5947321297521883 1.3674080788914118
0.19773032027761817 -0.015728668458341755 -0.9622660308079278
0.8661311893802699 0.15194021516575407 -0.8563384014416369
0.33400246045514326 0.8672274438413097 -0.5093168624215898
-0.19192848590540224 -0.07299111664625535 0.06289009176077665
0.39764175684795044 -0.5359637449077759 -0.5004416264738012
-0.35870714588118946 0.3336738333531646 -0.7738099703962966
0.23165769858309693 -0.21273082792573383 0.7585404829569908
0.07933868229632979 -0.0020621187704625843 0.22121974552491874
-0.6912821945922438 -0.898229671921238 -0.5971181909357917
-0.5257195759457243 -0.2290166822118207 0.8124969584266322
-0.5179608380224343 -0.5595684757614471 -1.3495454467338557
0.29924472390353274 0.17615283164520124 -0.1393795141365981
-0.43131098495374176 1.23527965841987 -0.5661318105689581
-0.37739706681536367 0.8075730411862532 1.2119403959256343
-0.46227968117537155 0.08753286902885193 0.7918064169811059
-0.4893692665735361 0.09787411330528006 -1.0397460601827264
-0.20515831678705143 0.006169326951462217 -1.5582173378285513
0.15413538785611736 0.8773645737442513 -1.4610694056514335
-0.4642444699807182 -0.8425346882414617 0.42211958254725745
0.8474403660770291 -0.2692455676783214 -0.48589075700249174
-0.5965180527225766 0.05464660579633951 -0.5717957190326284
0.03282364392763437 0.724494425265723 1.6840986566504674
-0.8575592728793511 0.23895758641056197 -0.8389169439031727
0.670583160814181 0.07623244511671912 0.035761969317010145
-0.3681739281235401 0.4521856502464576 0.11894919555948658
0.30176455285772463 1.0500880796044791 -0.2552593002954566
-0.5132991497147741 -0.20768187813560823 0.79471365088905
-0.7356981911478062 0.1904221640269146 0.9944463919769597
0.629677302759875 -0.288558394757114 -0.34173513405877376
-0.15805469172663789 0.1574388453618505 0.19752254490614662
0.3109949547170192 -0.1571186733951535 -1.407017376407711
-0.3722790330131325 1.0659794713426543 0.1583288029929819
-0.3439125319381642 0.6862934390874207 0.046283724001601634
-0.6034469335679986 -0.6297309646255789 0.9080795490302336
0.1346677211202334 -0.5267393074930861 0.8159092945082169
0.6723948644224613 0.25423464063908185 -0.5859602888722018
0.5436526577595653 0.40487995411261224 -1.0231448842264075
-0.6163899688180718 0.12978676933598 -0.20670171549599514
-0.0792540800299768 -1.0440108642202608 0.5108541292164621
-0.24309153008228912 -0.6556152562024921 1.3851615087169669
0.5992464288411072 -0.6628660367803653 0.9858659761173905
0.2673416488206388 0.37056641401517987 -1.3655768891520985
0.18539337453683125 -0.14053707175828611 0.9186586221482624
0.2261802531879038 -0.22339705112761044 -0.6413220731693619
-0.7586319824031014 0.2373819167915081 -0.79396681881214
0.25866691648666795 0.9381191662402153 -1.2711277651301662
-0.16896656543489663 0.38277018795030626 -1.0165767402236008
-0.6461999478840021 -0.9126901686703484 0.18725505522326236
-0.6045035607412297 1.0076239756620344 -0.3895754110339542
-0.3876255831546511 0.30181958426360733 -1.5768585411703961
0.7401730120350296 0.3670002607592213 0.8929261780964484
0.47142545333336083 -0.7804003828989199 1.0123628927257426
-0.13247196249465 0.904823714285008 -0.391091674521614
-0.3227813423222452 -0.051192338649867386 -0.6950853390103777
-0.35094694616122957 0.4016374028504157 -1.4608882695501593
-0.700999731926679 0.2899513761620367 0.5516869103994133
0.20101734174610675 0.6551250595508753 -1.6439984019215
-0.35481611271001 -0.06950556050972923 -1.5548849402165383
0.8644406809038965 0.11981238452680598 -0.3607055880164127
0.37196394915041187 0.7798496540015916 -0.5803720598647999
-0.08671336999939472 0.07503611826667522 -0.10587028783974173
0.5416138290987447 -0.28113831381314425 1.3100421105942988
0.22629051158113755 1.2459890698968947 -0.0029634163496687904
0.31097050523548564 -0.39888310129883164 0.556248927446763
0.021590977996299943 0.15617239352111456 -1.6281616703536042
0.02034216669912392 -0.3060558770798836 1.7203151076192573
0.2626764742555894 1.1365976616754256 -0.04614387788685326
-0.48022096347001697 0.6036047514670964 0.2825382286920526
-0.30463473546635345 0.9359899928119702 0.9083599122484824
0.10116418380464975 -0.7995607126193874 1.5668123236726954
-0.17528444698351375 -0.9371224752867474 1.0122313158117273
0.7888387539578059 0.7956328057972724 0.2180655215463414
-0.21288975205474459 -0.7209907336589964 1.136029925508927
0.44972930723053994 0.4005562031801153 1.0792645386966604
-0.6049647160015788 -0.016188938946292586 -0.2561607267190582
-0.08855162561130014 -0.40122096222463277 -1.5443672708763394
0.12528414135760846 0.1285421563854059 0.6773588662551862
0.05538699379261747 0.5743836694881281 -0.0997370455908344
-0.07361961099778513 -0.394065316914491 0.1811494746468414
0.6719163223310836 -0.783331340494366 -0.35109243003379476
0.2998345121849004 -0.08392218103958271 -0.5421799881566622
0.3691486044784744 0.06213747498319244 1.5518304991673904
0.043355035055654856 -0.7477391125141963 -0.729994362598819
-0.0678683462419023 -0.15425638035401557 1.3453247717552501
-0.34054201959973396 -0.729512263068383 0.3888137418925899
-0.13134034706305053 -0.5741173246439102 -1.2244542581402986
-0.8911875989844535 -0.3958825440094542 0.5069524857711709
-0.5640222475195462 -0.4312301475711233 -0.24387072540818755
-0.42612333598775987 -0.3786008949798878 0.58731625231905
-0.13458243923885482 -0.04307312010056563 -0.22976095680621178
-0.3757423658736663 0.2635352358526646 1.7631289354018684
0.039567014575139 0.368998798954838 -1.7740331650453003
0.3521407809009909 0.8253022621678814 -0.5255206849456644
0.38288400053190697 0.3723395906746947 -1.7210239802601444
-0.4054749293660642 0.9828463822733755 0.8632559127675843
0.17519775600932563 1.0805478192173155 1.338803539615765
0.44394355312694733 0.23703767968261014 -0.9444128374315017
0.5491718659103331 0.8966922494628689 -1.037801728567071
0.19256190414254992 0.05252330306522501 1.5235076507079857
-0.17176315624764937 1.3155475974568018 0.2720298250729889
0.2992601985596153 -0.7540702933241157 1.336153468077356
0.7187935399432444 -0.7550720839152636 0.9572995885896631
0.183356993517924 -0.2067124373863054 0.5301880806117816
0.25768306713610234 0.9128431992720554 -0.1359144659097007
0.6373237484066412 -0.07313107462082202 0.60521726760697
-0.6684320233062957 -1.0574024313521124 -0.28105161518734567
-0.3698439092973753 0.0483038436337031 0.19447452469676563
0.2000977994217854 -0.007553050916011994 -1.720819650501629
-0.4553839053411166 -0.2675514728929742 1.6278982213728859
0.43823506515668775 0.8632617031936904 0.09604798011481597
-0.334745797584155 0.4795204537552529 1.2636215143702811
-0.09298543275500326 -0.7056195382143906 1.4807917591188122
0.2039253625856856 -1.1204477973048739 1.0441828507628075
-0.02739485443639933 1.0013308470185458 -0.7653218088884817
0.4776249910761221 0.39866630803374425 1.0268182312080478
0.26793089702704553 -0.898022726659097 0.25045242556496516
0.4423549296362661 -0.09241543653152617 -0.2863341004157398
0.9856395655329409 0.005991909834081488 0.16421196694037787
-0.48300680079243397 -0.28921873732713266 0.3335165581572932
0.5052024248146925 -0.42175383403897726 -1.5363695730944693
0.8415307532919121 0.18995606828947698 -0.08329368640515167
-0.3660783968724317 0.684351095080312 0.43305804536227654
-0.2802270198907406 -1.224537040409897 -0.427085613865855
-0.14544497022237968 0.8171412313481587 0.7138757656626318
0.7052422975536894 -0.8387780097892575 -0.3663002130750024
0.33580801525159143 -0.38948460850711686 -0.9435763194761324
-0.6582897416372873 -0.06808239085151291 -0.7297939529566548
-0.3333696063478575 0.4070325714561893 -0.9242315771765486
0.36242369163787536 0.7095817398047344 1.5896515594944693
0.6962106434964774 1.0165869550516144 0.29158791493181724
-0.1958821322739297 0.46535825757390437 0.06328312748687548
-0.19486775589850747 -0.9767322424958376 -0.14227796921622193
0.5633568302133916 -1.193399557276877 -0.27426622997770966
-0.4148112891271374 -1.0618702467072016 0.8800289850868404
-0.33312722183935706 -0.0830688192358986 1.170021198767187
-0.1698663491276502 -0.6989712149490368 1.632404685940673
0.4296575338258921 -1.0800455615047748 0.5911626641707715
0.014295171030463294 -0.8418278665868756 -1.5578380513242558
0.03598295960654352 -0.9780212989266409 0.16922838702746024
-0.40953146302740717 -0.1950057705101047 -1.3108540093335925
0.06796981511458089 -0.9218721454789937 -0.07417556111081725
0.2629869976634196 1.3201532226840929 0.06851662972647299
0.7280345735013523 0.3566292968384701 -1.2342244502752315
0.3057107817192719 -0.9333685668562592 0.2087131612807771
0.8102402186770632 -0.3285777985911804 -0.47967293219147233
-0.39019470737623063 -0.649566523187039 -1.2928341377044537
0.43912124025640575 -0.7675782260636554 1.1392397545741568
0.8045640752254835 -0.149175490271523 -0.7925779052141575
-0.25849099623305927 1.2036717368716205 0.46630963963210315
-0.5627655076092613 -1.174649179982687 -0.13982803494886165
0.811145720664286 0.20200298441415399 0.37804904101063785
-0.459756948714968 -1.0660066019398313 0.6395659332520314
-0.17535826195376192 0.4823045948490625 -0.6618989798926402
-0.16949874690511302 0.6253980912983672 -1.6045138378401171
0.3602729010397516 0.8781500137516831 -0.9832440904286921
0.18538410556913565 -0.2016261473797969 -1.097096645782285
0.4360425340606402 -0.4283553860524991 -0.4445939560791645
0.009505607488131895 0.33157894592945203 -0.9055522382830778
-0.4326329588804898 0.5219066120578426 0.7822978041701076
0.21717006945488992 0.3664334660312645 -0.05266328309382384
0.8295187860640074 0.4424404904653272 -0.020788111639018503
-0.3937070091506605 -1.1264952570784703 -0.6875869003508268
-0.27089951851652794 0.9053098466810159 1.3030557663731135
-0.00891103496187351 -0.2528401475464239 1.4043069159157051
-0.051158956110418874 -0.8261804940603275 0.8327615685115175
0.37007509869875 -0.13766556743508018 -0.5272953325196226
0.2461705534670653 -0.3982525204811358 1.5789710596216096
-0.24993843561793794 -0.3777991896450219 0.5933669510672996
0.4825884237545681 0.17662146942710666 -1.6079468124335508
-0.022755543183377247 0.8440240884128158 -0.1502717033913923
0.47168025184658413 -0.03611480614623641 1.4006485438608958
0.4542932228058505 0.4515236292509248 0.6534465342819558
-0.9234041526395675 -0.32356313347792387 -0.05525967442042923
-0.7780748894082075 0.09016631819994458 -0.7530431250795964
0.40634454880496573 -0.5103779108532617 -1.2237885284621566
0.3497457508268791 -0.4263306153252451 -0.8270128622592634
0.13028145917106082 1.476495514094633 -0.009531668433782059
-0.5576506720890528 -0.525835785172036 -1.1478147345139686
-0.5008216830475034 -0.5215759018668389 0.13687430576162152
0.5469197805747312 0.10709668268445327 -1.4676667783861448
-0.11365331622430319 -0.36228857104986556 1.454981174019946
0.040528517178834544 0.128173362276077 1.8411806283607515
-0.46479895263413096 -0.11257505216486985 -0.20014007301351366
0.09180467710480666 -0.36151351678903487 -0.4873508946697056
-0.9120892081767062 0.0620303282948127 0.18904628676638247
-0.011073158013596984 -0.28500841387267717 0.9607639717501342
-0.7657781969858342 -0.2887429681621181 -0.0005638828908125504
-0.4164194488543089 -0.9178637731514162 -0.58134030383219
0.9391157463648754 0.23091610261514783 0.3462431421578467
0.8107160113291607 0.7465405393164031 0.32921106825895485
-0.9167351705139826 0.36844598594165 0.5905820162609374
-0.9050843956796535 -0.475897461277045 0.05335014560522655
-0.5942991733077032 -0.40406532314761145 -1.0898062393978813
0.6220081662481771 -0.8064410744265891 0.40939582969068633
0.7949721489826096 0.5242551948276564 -0.2687778506088323
-0.7152860792967848 0.8395843709226938 -0.6797439143809663
0.3148279852676179 0.8300670984927336 -0.7417512505602311
0.271809880288846 0.32516318442516434 0.580829987671954
0.699202409642711 -0.5692645617736258 -0.6488217072026106
0.12775005160164432 -1.255444355180652 -0.07916638560431055
-0.11254439133774197 0.19590287250186278 -0.9901944722390761
0.5161122895084906 0.8093298354069827 0.8102611562625639
0.26434486522132916 -0.033459217292686194 1.914750244017792
-0.5093159243715037 0.2820239387119603 -1.1642507289655377
0.2222858328261863 -0.9804364753006132 -1.1008468760788368
0.48575040446881523 -1.1096514067729477 -0.2990853621270455
0.20134412525066336 0.7379348657108409 -0.48472520589486345
0.1497100741152153 -0.21589200088797145 -0.35658965105358353
0.3440148555118345 0.9357465716714266 -1.1117802851016503
-0.0968244653644843 -0.13735390312149853 1.8189199615179383
-0.30417598743563645 -0.4616700040693291 -0.6595463414762537
0.5522445736423935 0.06353906684020916 -0.7105832093207303
0.26082973519511277 -0.5426297404998557 -0.8470912127622827
0.435023298470802 -0.3277361779555261 0.009314549803355998
-0.5300087293820674 -0.9997669509491668 0.8461309221362794
-0.5276292376808647 0.3296559110293087 -1.1842738852344756
0.4520899448693203 -0.1759461621623215 1.312390668393352
-0.5699009743353933 1.018519363626028 -0.5563690503481546
0.5328964353162455 -0.6286512811630294 -0.1759060102654728
-0.7653405155745454 -0.16231894620166054 1.0106715846982914
0.36513697936262 0.9186637175384811 -1.0257301393841614
0.8733162826654997 0.19089279512638524 0.35257642875469397
0.6892482172891532 -0.3787666821547657 -0.8953638242511235
-0.32011473973599114 -0.14337751658908915 -0.3849562973808407
-0.30014820166462286 -0.6137264970637621 -0.5924056076214281
0.5057829118025958 0.8319442430796307 0.6994013752837565
0.3631160232742505 -0.12137420577896574 -0.4970376229117326
-0.3123501657238039 -0.051336890200404994 -1.7557292724536175
-0.39641046217773734 0.1015683691539051 0.8000947191681766
0.586754274748007 0.30801061514266226 0.09132158555455216
0.516267841619422 -0.4500294445220181 0.24571424940616282
0.3402723138768462 -0.25820273077945544 -1.3981984505049985
0.9241310937527929 0.5141835289642636 -0.2653469268766897
-0.31888199459451294 0.06521665699969725 -0.5736540200880018
0.024248134048784786 -0.3833323585224391 1.3342007743406863
0.3445455051020738 0.8495335744698957 -0.18035581784684807
-0.23847744184251618 -0.07086435931010415 1.1294430965181332
-0.22142014756736472 -1.2141291358608806 -1.0390306325575676
-0.7435471830470239 0.4102671177851045 0.7100047059389816
0.6788817727408336 0.3786014607044297 -0.4304224235776366
-0.14002069151064167 0.5904212290116093 0.4761632367668476
0.039551587358571005 -0.8718510960792619 -0.17204912513854875
0.14809320116819058 0.029062365264692636 -1.6912352727544704
-0.2379989088065806 -1.1430754684374154 1.0818002459302103
0.4468070866999112 -0.4804187122424004 0.16706229716583776
0.0948847844507652 -0.8489461519306473 -0.8578064910413428
0.32486023284929555 0.040392939049092025 -0.6690136962627546
0.08073585606390976 -0.7821127067255612 1.6735849196114065
-0.20708515239249614 -0.23899595595550815 1.5462863146622596
0.32369972394876756 -0.9610510179251972 -0.1374542881879921
0.3867843648089424 -0.7285530438372976 0.8894441749818185
0.010013343946954745 -0.080331060880237 0.9804605689271493
0.04802088850012165 -0.06695575886356564 -0.22325970939805817
0.044310035331982744 0.873758295486772 -0.6411277754152955
0.016625057918726815 0.40045958675058735 -0.5661237394750991
-0.3715293761221494 -1.0133369315972134 0.09717505126547854
-0.08241547400525384 0.2772099328825135 -0.09344737680529303
0.44444165328665264 0.06634953325474391 0.9446561474914699
0.4613361882145832 -0.6305509238591124 -1.2542339093992405
0.3698250970641095 0.8062327382432604 0.7405909536873927
0.762068991480908 -0.6651914944605902 0.14807010030435475
-0.09907898969988871 0.6453031269839986 0.9156130139876697
0.5928794673431192 0.4486349671828125 0.8946307051478208
-0.07770362730949532 0.048477176857899984 1.7896536506638032
0.15149578698523225 0.600462978858066 -0.8440321493126635
-0.13944367220391296 -0.2080023164146234 0.8526635290683147
0.47345669744159613 -0.5214531697742479 0.587624439267354
0.7916245673353399 -0.5972931300069374 0.6981536759524714
0.014814945703519156 -1.37147930475032 -0.11260893911721626
0.28855516948599846 0.24279107097646468 -1.5220537982122702
0.02180966320238631 -1.3622211814331573 -0.5690109129961312
0.7304504676607746 -0.4170899743244041 1.1195235283703777
0.018447761613980207 1.0357318320218631 -0.43528528901713903
-0.35002639695630955 -0.3053733197411872 0.060437859706075514
-0.7187142975717695 -0.2548820238330862 1.312203970487115
0.20192328663754955 -0.8028055355148517 -1.3477592703703394
-0.20711103722071145 0.4143954285004594 -1.0258277892529652
0.23768483507290905 -0.16996286140954986 -1.20081400052092
0.33280333073948487 0.18490381312250115 1.1323325725252555
0.9968584851069442 -0.10300580015172978 -0.040786321522049196
-0.17466031771556945 0.9295038023986488 0.5471371747228431
0.1321557492304788 0.48558904360953337 0.9984603108547043
-0.4983585069677112 0.07778781032475957 -0.91050774823159
-0.6053248870909507 -0.6166525713172385 -0.6740271525770503
0.06819323607420569 -0.6738553277414894 1.272755999787444
-0.2622785727778598 0.7486364405372661 -1.4858336935352106
0.5075933517807691 0.46683874781211876 1.4423328977366636
0.08682091757658483 0.2591454164781477 -1.2155768652110814
-0.4216122284182866 -0.6865762723871088 -1.0120580937687587
-0.3787436175042942 -0.2146757185768169 1.0805916501567405
-0.15584682763239122 -0.46520750982190195 -0.8182011403500415
-0.6357592258043718 -0.3466163218585616 0.4408352054319402
0.3608510762845045 0.11203937043342171 1.2326093643257683
0.5887687402751298 -0.4264826608127077 1.3301610867318385
-0.42418369608759865 0.36206455921058955 0.17769927609045677
-0.10061975305977855 -0.8893672497867 -1.4678556889908818
0.22759409890218385 0.03911076024939719 -0.797497184773651
-0.1976709611107046 0.31437890721915096 1.1228954419341375
0.06440140480565981 0.8001592438759366 -1.1481374030277287
0.15366548055247864 -1.2383070483875356 -0.2548335300313398
-0.43507851806339737 1.2270949202822847 0.3118070770209118
0.533309188689612 0.46267743622533763 -0.5402742246389591
-0.8260649746501461 0.5506812337527727 -0.6969148963683636
-0.627414280703593 -0.919380961695254 0.9541504079220489
0.2550936954907448 0.642549844579638 1.726569926173923
0.25693531587655594 0.014605977053731678 -1.781474450552036
0.3558683190891341 -0.5218773804643363 1.4801458400197802
-0.4532047437136888 0.616194400915552 -1.1630631704133565
-0.3906599739916712 -0.7966143222310014 -1.3694202590113704
0.5064607286083371 -0.3131821508965742 -1.6257113886879622
0.0158525844489652 0.195625281341135 -0.549197532057017
-0.19530546211387945 0.24395281564051174 -0.8296200647526444
-0.574301145096958 -0.49882947483517626 -0.5893373160410684
0.45411904232700184 -0.42483725710795794 -0.7744878180638581
0.42937800995236897 -0.6766310777387529 0.7431026039561544
-0.06548887989558416 -0.09017546337456062 -0.15755574403841877
-0.3807205692821285 0.21955882923820802 0.48456554786413975
-0.6975804712809741 -0.6514132818448185 -0.2446290522222121
0.6934700186044576 0.25786789378084585 0.09953906936539703
-0.21433860939700367 -0.5901521701622312 1.7748154698932757
-0.912874072108409 -0.011984667364462354 0.44492426313409883
-0.4037086337402416 1.2714168750586472 0.077006707205447
-0.37321650558661323 -1.0578023183659129 -0.1787627798824225
0.4231134483849843 -0.4173438212950349 1.0435642169639654
-0.4262527039765409 -0.6318630346010039 -0.4212955268598946
-0.4924660646674124 -1.0815366018141457 0.5093789976041281
0.45529389220202066 -0.13835555508623631 -1.203882648157979
0.0848480505202458 0.45210254689570695 1.0281816049726524
0.01545768476017595 0.40030690464009355 0.6871840886266711
-0.6759075530123857 -0.8972238464557878 0.7399504564817025
-0.28347723935307734 0.46971444062619305 0.4909664299851837
-0.6923500249055472 0.7926164557569289 -0.6774547614468398
0.6992387791001806 0.4794915017687389 0.09072166758668221
0.7688593127181371 0.08275930828899614 -0.8571885158310013
-0.40521513798464914 -0.018824904779587204 0.042600520133960984
-0.491433345604561 -0.30747939790500944 -1.3055143504021758
0.5883799323390613 1.009852365716612 0.40431317882566153
