0.47336460444257633 -0.48550751816638194 1.1102636317321162
-0.29737827910123893 0.9453279157818049 -1.1179571957227856
-0.42964131068281763 -0.06129909316410975 1.715763051783325
-0.09767917116001446 0.9018949551107984 0.4195030705767433
0.7524554142186122 -0.09957692056469414 -1.070656083596627
0.5320055102765548 0.5927802837448457 -1.2469675327587506
-0.657491196627817 0.4372880819524778 -0.2173660772536854
-0.8136777326363069 0.7044062248793717 0.1904115675557132
0.0967562394834589 0.45148514957359875 -0.2139350444664907
-0.7328780818653842 -0.304235560983938 -0.5186889525072869
-0.549525905862756 -0.28633507104268907 0.646697417840441
0.7315562870381891 0.973039358152036 0.20331098812937443
0.7134986433668766 0.23439192058856428 -1.0735375576748782
-0.3627875034017489 0.0983048392706456 -0.5885141910722109
0.17079726125206407 0.9697776358982324 0.5040458990402357
-0.6641408298258791 -0.5148501967156957 -1.104959239511484
0.709625316844718 0.7475969622638932 0.5727071310992442
-0.4215229190905223 0.26682229302909555 0.7941667459299739
0.3822501427157541 -0.4414578479524023 -1.1728803751330408
0.29961730920616647 -0.1781868617094471 -1.6782630467041875
-0.06059197741081013 1.0139715632116983 0.2998732616665847
0.04533041260132187 0.856005734302296 1.297582845804739
0.8458544983093328 0.2596513393904376 -0.5389619089861015
-0.4821897036228886 -0.047490684058548505 -1.3515326247830388
0.1278822745284547 -1.1450833863963084 -0.04499121940317963
-0.5809720926102184 0.4349640928616614 -0.4296388805744549
0.34869535033632615 0.9748056612428435 -0.8966581755676466
0.40452430590025545 -0.8268767942018188 1.0904598867599802
0.04705873053941678 -0.48140771700743556 -1.012268212599305
-0.9101647201124454 -0.5158608863552897 0.17094444389135166
0.022462064338855114 1.0050893532034104 0.7504033155481449
0.03704394693349 0.3891783361574672 -0.7837438224653157
0.4301570261646601 -0.03874170810729849 -0.4987003765344058
0.2831178702352135 0.6273325178337368 1.0756951583351357
-0.32581387853589017 0.04215595355069102 1.156337787369556
-0.016949487676145347 0.9556995892452109 1.1307866991560211
0.31743514017556285 -0.1606073096976781 1.0006515711616522
-0.8147958385122585 0.0787189487843003 0.28617081835474156
-0.705950505051393 0.17436538805059376 0.6443661817030422
0.28269776582376105 0.4963423384994783 -0.1899110489051714
0.8184352273397111 0.2831034388230791 0.6504867406957597
-0.3472115025144338 -1.2697628337462836 -0.6486853713137504
-0.30794228887421826 -0.2905405681831881 -0.5799250221438905
-0.03577463659666957 0.9667999012202069 -1.3621025966466367
0.5220213286258915 0.55767882488861 -0.1848770996023954
0.7744534466481496 0.738169173085693 -0.5599216781999337
0.2201679239092853 1.107319601363681 1.2602653951248102
0.7171914364286949 -0.6344352838782902 -0.49055234864878416
-0.807899843975501 0.380789308625308 -0.45843211998411304
-0.7835501229384578 0.5017625845706766 0.27832429832374217
0.8646312314844562 -0.13694964005546817 0.6350766122383216
-0.6522648963636812 0.008641498192414332 -0.3300423649629969
0.21914001460181542 -0.051220235009107995 -0.4192388190457832
-0.12078527335127864 -0.45019793289114407 1.2399731702155745
-0.26633660166193884 0.6318506289340604 -1.4915916688869864
-0.10797908850464943 -1.1828924448260845 -0.22402695083381952
-0.3268930476711136 0.7585010573668649 1.3283677640302973
-0.650533792133287 -0.3636450108314726 -0.9842648845789377
-0.5229372000971055 -0.16506785450746198 -1.4189657578062098
-0.4241061188165842 1.138587094327022 0.6826754000023181
-0.03157446306895295 -0.631348328206666 -1.470066806474129
0.09080403321921193 0.033587893944300395 1.7844629550290643
0.4250174807429372 -0.06946930073718693 0.09018250060786226
-0.0021115311626820343 -0.25367551980391 1.1135084753722655
0.1668537775677328 -0.8845430307413487 -0.18482728259648473
0.18663289590896248 -0.5419634050350849 -0.5006387997323967
-0.2998043502698855 0.3997860937609783 -0.4224469138717186
0.4227792840662239 0.2294520246588463 0.9086313371876433
-0.03217038851225262 -0.01234104844418904 -0.42548890783922166
0.5787620248507162 -0.7875673230705782 0.7580069108983092
0.10519314090150034 -0.3769471382523495 0.3556908573905475
-0.7844267672382075 0.5986068167961651 0.7552427632749512
0.12160397462120054 -0.17171849193734845 -0.024056299686587845
0.8858544626129314 0.44735551733875956 0.5290023039818594
-0.2831796233903521 -0.9428360626887013 0.6852857277753635
-0.2164475529096661 0.33096312964488783 1.8979532366323633
0.36741987595900705 1.33552256825817 -0.536566754613744
0.01101849132651278 -1.14723996975819 1.2651645988191973
-0.20171385432146027 0.25664883396846916 0.16621130809116114
0.2459187263696132 -0.12900968429657755 1.477108198315845
0.3490251942518836 -0.4432907538733124 1.2144695123634084
0.7240192166848722 -0.4114880898058697 -0.02537714575987371
-0.3444207170554554 -1.1283966029464714 -0.26152905040987307
0.31894243500256736 -1.2710528558711789 -0.18157767491002064
0.2550972961529059 -0.4744492538194036 -1.4635706340313477
0.40874219580845916 -0.6080387626692311 -0.308058468234198
0.5300122541602106 0.1513370480614471 -0.09925199588244116
-0.24070426203531525 -0.7390858906554608 0.645081405308527
-0.40037128460661564 -0.6173869735541623 -0.607771059025414
0.24479262272228897 0.4335004219366456 0.7678878116750827
0.360720652942218 -0.08259927642715192 -0.3332670319955713
-0.5500770323822728 -0.48134671916031824 -0.06831622439582352
-0.6915743903970601 -0.18521060883137364 0.19243765102971366
-0.2103614551818469 0.8159319101280729 0.9112773514486006
-0.22282048798457232 -0.9783821455865315 -0.6805879355669298
-0.19460189799043426 -0.18422947548769386 -0.9728951840062465
-0.028446895067161915 0.28701999787376753 -0.2826127939697076
0.55468629665546 1.1196658851759036 0.0872208003756545
-0.24636487577478028 -0.5214725732977532 -1.2757624521856563
0.4359031138197018 -0.36065287596565887 -0.8365150204880032
-0.23209634103382282 1.1085624417193762 -1.249219665999688
0.13068389993220975 0.38187714966525776 -1.0117428374839608
0.44851105179307793 0.1267768895722856 -1.692795236792986
0.28463225822861316 1.3228877565770398 0.14118558424365535
-0.327379568825378 0.4873727267942958 0.7429970337358252
-0.35675282377519957 -0.5274267068797353 0.4633617748244312
-0.23270597443677477 0.34438111211927924 -0.07010685260736427
-0.28742380010054647 0.08012946334581827 -0.7176421022443304
-0.17183240560926594 -0.3091075509600425 -1.7780547292217967
-0.49112070712691835 0.25189255069508465 -0.9228058468485942
0.01461198057085844 0.9774467435936685 1.20370738578828
-0.7328000428971173 -0.08305319982135306 -0.599484810481421
0.14797732347307546 0.11844539583139202 -0.5165508171135564
-0.8120846282430734 0.4763936071095327 -0.2487861096084849
-0.20702057221574366 -0.5582472291045933 1.7627435534435927
-0.12982771274877214 -0.7869917620421311 -1.4630118517086967
-0.16741755983322748 0.28186944705387784 1.2815235097158442
-0.10140762802813041 0.16703572303359815 -1.1810794655008388
0.43317203220438394 0.8310956638038034 0.4611965323788647
0.271890515346511 0.5974071722993908 0.662850859752353
-0.08876052895692776 -1.1177532868185582 -0.4426204025596885
0.10050372178220313 -0.12785377672080722 1.9816705298418582
0.217704363914071 0.6733944145507929 0.1569510046407694
0.5204586701795393 0.6971438423978875 0.8890665010876111
0.6366760735020593 -0.5594500941108072 -0.2560017615864294
-0.5489242263980283 0.8949887338191336 0.8888013605780607
0.07808091135018191 0.5051922896640102 -1.7422604965719977
-0.2650153768816126 -1.2848170000388692 -0.37207548204156593
0.9164525156196361 -0.37595129203093847 -0.1583844865937074
-0.10191991420850921 -0.7954890838030333 -0.587380636557167
-0.5873458337701534 -0.562792722945003 0.9337363621211914
0.2651725098072242 0.08896636671943092 -1.5070024936585682
0.01942943291138155 0.33048605036157785 -1.3232408813648715
0.22223501546064206 -0.8264405521929555 -1.4219825643814783
0.7577278070687188 -0.4759521914237397 1.064793063812691
-0.7368926226488499 -0.6563736549986046 0.922919859960321
-0.5214249821673103 0.09610391077229785 1.4706098456960381
-7.788763779559282e-05 -0.13145827681968703 1.9830016004224307
0.05158826955833917 0.7092693624438979 0.7395487803036587
-0.431341366299832 -0.4749234999537446 -0.712390323364859
0.7730235697016077 -0.6718103135668082 0.5731754803294806
0.5998136236735596 0.5877030125244107 1.234924661708407
-0.64021997240803 -0.7198981656845198 -0.5153600829592699
0.905674957285389 -0.0013905143657515495 -0.801402801640271
-0.37836394349477365 -0.7301427996492389 -0.5229733428334775
0.003798082962180871 0.25063436588403754 0.8890600092638246
0.24449454038446694 0.40724492954482194 0.6679857377715028
-0.9767103977272644 0.25842111986184824 0.03621721320904525
-0.6327246818055363 -0.596610411850863 0.848836643351643
0.5504304241921747 -1.080972099096968 0.2093988293580753
-0.2815323165434527 0.35524316347795004 -1.3387885887695474
0.17254480952022688 -0.24479470860724972 -1.8719236318189938
-0.09118022359390743 -0.8736100286176594 -1.4970778209691828
0.7254605198438389 -0.1306841262833376 0.05708889187634414
-0.3147278459841638 0.7845447810564554 0.723686395714711
-0.5396413752470353 0.7689762100916724 -1.2667127779876215
-0.2509159753871453 -0.21236358316940507 1.3849543196596668
0.025951160995158373 0.18792419135636207 0.44793136872591477
0.6678387503341201 0.1646615159005349 0.6918004093291428
0.018809406118159178 -0.4325576775592057 -1.5651877861339694
0.2108314721153408 -1.0999721750887974 -1.096461755658955
0.2786227194120996 0.21092531056452346 1.4462696500270722
0.12322818414158099 1.1523369628527051 -1.1532081415212367
0.12570177305006447 -0.3355412820416799 0.38139569342352475
-0.30401326843156506 -0.21838186612657373 0.2765442850432409
-0.32875556061618894 -0.12988994348152882 -1.4867119211770659
0.6307855577485688 0.04512920600853576 0.06492707621462168
-0.6592724083826513 -1.0905685590532759 -0.12620229478690437
-0.19574821764825368 -0.18935010579498424 -1.0522589336368093
-0.0942578767416804 -0.04727545415761081 0.8538737850299114
-0.07899711371034046 1.3410223943671884 0.5638253570645384
-0.701396385609034 -0.8719848298263323 -0.08330504269781258
0.5027264886286242 -1.1647107220920379 -0.2601758434958992
-0.1091390291438219 0.041843558995232844 1.5656895374697184
0.6634765323951257 -0.646503546360888 1.1260661300354506
0.1667389530595631 1.2439885044028691 0.3451258769694783
0.09229988132881961 0.061987648262666006 1.6989349805968477
-0.6070784064058841 0.2675306780667215 -1.2051195082190191
0.30719785308624137 -0.35926637235740033 1.4261424350755298
-0.1738383189712902 -0.7450083884363458 -0.9972082773412283
-0.20689557378191248 -0.9026410864335779 -1.4434101042323157
0.21718829796484274 0.3574298673254619 -0.25582896399754773
0.1081930389848127 1.0521675911212975 0.10693053853758805
-0.45457229141886857 0.24243715959715195 -1.625291220961548
0.14064940047320507 -0.46972304663831266 -0.3361377353144306
-0.17932291404053013 -0.5814062542495678 -0.5549560490407237
0.4986249591038412 -1.2403597493667422 -0.3905532604803015
0.2038434382747436 -0.8892061000152799 -1.480941663576541
-0.6045494168802137 -0.7636230759306375 -1.1417864370049293
-0.1421334508061345 0.9297370955649868 -0.23907593178878672
0.26909823916206976 1.3111059956149047 0.13746583096148823
0.008276651574337102 0.18647052947663845 1.657359517735307
0.28608653692738995 0.7351557336990893 1.5320247370093987
0.44852786800968425 -0.04474294861345962 1.6918512163922546
0.20894558496794113 0.9731105187173315 -1.1303019364062865
-0.6725466208366124 -0.020454621927981975 0.5061883873015733
-0.3084519965726422 0.22641920034320684 -0.6188300806551439
-0.4689590999273836 1.1113527477919076 0.6617960974056674
0.032450505296859555 -0.017129713864732388 -1.0086525405865445
0.4283580974009602 0.9675883788940114 0.5458483900702849
-0.3015891781815998 0.009886262179286565 1.6945518271336009
-0.2807815173056889 0.6043368991050442 0.3778371060520169
0.523524605291164 0.9679514201112256 0.564138371537005
0.3577657702004833 -0.4166110935057914 0.26782643810129425
0.8474044890738683 -0.22857119867020925 0.10984534460695095
-0.08793987384420743 0.8145576123756437 -0.14597121515466727
0.6700183349869862 -0.7628315823461326 -0.851468401938662
-0.6407248261136325 0.10151319428925465 -1.1647880050904158
0.9548177155468847 0.43512337844823756 0.09121799945691267
0.28164105146271656 -0.19855449566784422 -0.09260879204589045
0.327039833615165 -0.6496473811380687 0.27438691030191453
0.7336772654692749 0.90498831046262 -0.3822823896172478
0.13055883801616885 0.9316374229999353 1.1722581476666214
-0.17113681779160173 -1.3533445733314613 -0.1641524164714534
-0.02055470799739889 0.5559222153840979 -0.4889330576098456
0.37236003735733214 -0.7944629399468265 -0.2259879951426753
-0.5770231519044309 0.41525996415911726 0.3332519559261815
0.2929969025603447 -1.4206245588691853 -0.07626109446377072
-0.041466417357070684 -1.1529099728183134 -0.09672933623267665
-0.6348129989111906 -0.5192404863131891 0.509115166646164
0.03302550507118074 0.22358977346594733 0.8005490296063122
-0.22566770619404197 -0.5387751446094206 0.3178355513072386
0.7872337702373151 -0.7007252285092688 0.39152157055269
-0.5008784903013901 0.43493650285297236 1.5625508777374217
0.21112583563030562 0.8510253904512788 0.4592019377013399
-0.3251979584739124 -0.7361141594049118 0.15917483114539355
0.007792287735374659 0.028110732502838243 -1.851632674262535
0.47682336117270396 -0.7784215349356339 0.2804456811090623
-0.35515999612343485 -0.3389358000676106 1.5642302761180216
0.26618557527503905 -0.3807697757894948 -0.7606986369313855
-0.4130902560235623 0.2234690992955628 0.08211737824746512
-0.13845159620905112 -1.1246148268189373 -0.49076590753210514
-0.2501245034029651 0.5686556192371048 -1.0446577036397664
0.5873428914571122 1.1766098086776546 0.3553477758927204
0.018798849584177102 -0.7528556553755212 0.46220709799678295
-0.43781529287938636 1.0510809551134326 -0.6158387120104933
-0.19063349315280953 -1.1565858561359637 -1.0379448549605335
0.3687979969354487 -0.2189054709299436 -0.39836493384147564
0.16301638748775815 0.5334995956267745 0.27864054117702475
0.4832010915453109 -0.43984445704060793 -1.4335198216235252
0.5681793397103263 0.08231045288206529 -1.1999722113176752
0.48221680132296707 0.2059054289255 -0.6640487670673028
0.009251627304250443 -0.11874832878663577 -1.8897479007891698
-0.27929877279787285 -0.3271257228594515 1.2561557427982626
0.4733922429834372 1.054939837073857 -0.10547133795727603
0.2586424793613207 -0.5748443199098557 -0.7412687506674733
-0.006978148643997262 -0.8335551029474604 0.7555581525907593
0.9112302001313379 -0.1002070695315127 0.5072005713623615
0.5748719291917692 -0.029279605149157284 0.06836005258340849
-0.0265033501222951 -1.397614579797947 -0.4889466279080694
0.5680746835721904 -0.6177729848441735 0.43923294425897597
-0.298182693082633 0.8364125490923806 -0.24811863140784718
