-0.5679684439075854 -0.1591066826899965 1.4134871405268976
-0.7042336318607423 0.08348629410036357 -0.5780394961641773
0.44677211347663137 -1.2640198221594112 -0.3860901315559011
0.03339560974682776 -0.8801069538221105 0.04267883367085323
-0.871282138204623 0.3545478477553923 0.35887434171325605
-0.538105064838001 0.8020751127683607 -0.1080869443601542
0.09338525409753151 -0.3635624983564689 0.08866794342958695
0.16848475215714753 -0.18231101975767028 -0.34015506233757
0.5009912011871156 0.9871541346113699 -0.9854147186088702
0.19702170357733695 0.15639486552877147 1.5868717604864013
0.10620394885517603 0.5881523488689053 -1.810945902937557
-0.7371809567908352 -0.7126525592742676 -0.2500515144604347
-0.33771030594084794 -0.21028172128603906 -0.42682668944007274
-0.08449714989054913 1.1395372847019543 -0.5772791132600115
0.2557356574369314 -0.7188437879762151 0.35032940475418783
-0.5416681492721664 0.5198131316879824 0.016737518051228584
0.738537264026814 0.514023436059662 0.5885846591641366
0.05882388035783359 0.8147953538242927 -0.31149645671283466
-0.3456820343534437 -0.45951311869566336 -0.33047981406978577
0.607316802766249 0.26765108476856847 0.701628037122477
0.23618871395610963 -1.2892465964130886 -0.19360834413016415
-0.5526270345216258 0.06755996446794477 1.0028236618409787
0.38133678415508876 -0.66685935738883 0.9062725559584863
-0.2586574395535495 0.25215702782521454 -0.6932487451320588
-0.40072604305044446 -1.3336637118089287 0.1712138627341413
-0.4754315771763822 -0.1567690220019693 1.5195496547328364
-0.45728437218656404 0.7970759465581705 0.7961918479124614
-0.4355908548286487 0.9794156042780848 0.42360608642130115
-0.15780091792548712 -1.260725108730457 -0.8957003799325158
0.3282345259454944 1.0391725428973957 -0.25450687590627963
0.3956280433143502 0.8711088748287827 -0.5615189332807082
-0.06687011664455378 -0.8031710393398541 0.33665642239160487
-0.08380096398181092 0.45404663425383873 -0.7406238502231166
0.6978633888912829 0.4402619398429337 0.9934875425889929
0.6818442227563064 0.16092506839471166 0.8216195257234724
0.8013690463030521 -0.41013274382035525 0.9174310236915479
0.44425171489713744 0.17132221592806385 -0.5613503338417463
0.09626661725365238 0.437034312283485 1.6444937694006878
-0.08269979831034058 0.2359633079140564 -0.08999469082510103
0.4867140748746386 0.584216976108249 0.7320137315413664
0.4271468973223147 0.6491848685515085 0.9875860244919625
0.6515695355246875 0.38993033858014226 1.223192763309818
-0.9003160195718474 -0.4126167719288545 -0.13285303000630844
0.25998549937925186 0.6054953855320249 1.4768798782836003
-0.37985869665310923 0.9890656483828377 0.12588021291284424
-0.3358455404335823 0.8238623571004475 -0.4873629927181855
-0.5050518210763995 -0.8855452656600157 0.8852883529461582
-0.20252490850540994 -0.7293787470883271 -0.12945227179580554
-0.39725811876651407 0.7819312431646339 -1.3848392304987107
-0.1394706861672843 0.7894737830953349 1.4781570535497646
0.47979590023818863 0.98935834372698 -0.2971891997490963
0.17610330599302193 -0.6459237514784032 -0.4860803630998065
-0.7560994825596792 0.5568135661483673 0.5559053501145081
0.859617476335085 0.23585557468350515 -0.8417552361921983
-0.45366111136143683 -1.0444443865122992 -0.09015614413023165
0.48667773648091717 -0.1733527231194416 0.5782242172377998
-0.6166257939705049 0.31094268394407676 0.437392493261735
-0.40287951210779616 1.0415634793078246 -0.9926651987047532
-0.24093274610808435 -0.6806352371259088 1.4704090662874507
-0.1144837455009442 -0.15704815875274347 1.779122647886489
0.50962477121075 0.23187157505137979 0.37734320867218685
0.5962161301254363 0.09667948340884802 0.5792278230500179
-0.9843613776631801 0.07441010472941234 0.04386847064187327
-0.4688611727984473 -0.2011294790800815 -0.36093786826938823
0.30670231412600035 -1.0374264974562308 -1.1543120897553738
0.06234407086293747 -0.4910092273892883 1.8022640678342312
0.15026150163159846 -0.929816150709853 -0.3275928729509503
-0.04394555203667916 -1.1103779838822279 -0.4417580719214418
-0.471028672357378 -1.2162582260724222 -0.6284095631759081
0.36569320856644905 0.5650848283709129 1.0100516127154013
0.5502347502001679 0.3129070523199129 -0.7297435339553751
0.4211933535709944 0.5647371422479757 -0.35494042977692386
0.44711375367747275 0.7505073769221635 -1.0188812911647718
-0.13373436765095015 1.2009406955602042 0.21770160603990796
-0.549183150059029 -0.35882508152676995 -1.0175482744098021
-0.830189330132685 0.6553425285647108 0.33473440566345536
-0.25020121524279104 0.734082817198348 -1.0193269387793542
0.6925305588074124 -0.3770533435552874 -0.9466406575363209
-0.4746020443404275 0.2902633642738821 -1.6099665230386582
-0.731261989488283 0.8258078808165843 -0.21376824338372158
0.5492129328641007 -0.7672178436967453 -1.1084884803522228
-0.6771598845488238 0.03441095832972563 -1.050941511951876
0.05922619572047938 -1.4023129902807367 0.12991053699946642
0.7521598233315532 0.024543367709744413 0.12159930637848237
0.201925167494877 -0.8607870754755581 0.712975265270035
0.6614142723431842 -0.6195351663193955 0.22940984011762522
-0.023727497225156657 -0.6059852436035931 -0.9975817696431419
-0.9084417859746372 -0.1511940786161765 -0.0892846938798808
-0.01636099074669617 -0.4095438289750548 -0.5293138684234484
-0.15513286031407159 1.052741807494756 -1.0447666579684154
0.03533723787390475 0.8112150443499822 -0.9936102910496256
0.08445234011345515 0.7347747641669558 0.2833893157015632
-0.42548009046100876 0.4697765759270309 -0.5576348568212928
0.5148504678976595 0.38518606086676654 -1.0392499582525243
0.22702600075364243 0.6596253644815526 0.00672818568003386
-0.37196465327130745 -1.2659981073828357 0.7712758153939965
0.5112597132750372 0.16648118279819424 -0.9113064395050268
-0.392403795562035 -1.114077644116585 0.9506714775707645
0.18081880025549046 -1.059037151389179 -1.1398065906877561
0.5094234382443101 -0.3880262480504646 -0.9341268942402938
-0.5684435520528279 0.7253182882540288 1.0090972447100572
-0.31233359520938087 0.23104066725716566 0.5978830411898919
-0.43896091388082326 0.06508128483222375 1.673136274427534
0.17301428860176116 0.7699672409085889 -1.1117623695236407
0.20194168906431065 -0.11845306407194145 0.6358621912491231
0.497029849757912 0.10383446440072319 0.6522966849655734
0.26785656333770413 -0.5658627597648007 1.3951827970567203
-0.12334061086753612 -1.1560230611399662 -0.492531743649129
-0.7203047061717844 0.1070686570695365 0.9525755061753038
0.1241193932884177 -0.6847746258313889 0.8267156206678745
0.4746050847750436 -1.219098165048206 0.4278715161899642
0.24469111905956753 -1.2115318456061246 1.056608940005309
0.49950708997208126 0.34187518899437763 -1.1916993859516407
-0.14719607121683587 -0.7094499672158617 1.6876603243489363
0.6522936659250855 1.0729905544674718 0.47175631170903465
0.0996715206650427 0.9177053329460323 0.5520593415918968
-0.7248852080807113 -0.29310125447798097 1.0692268414412425
-0.5279487572572366 -1.013066760934355 0.783509690670321
-0.9561134523247787 0.07412713707733842 -0.24653266655356854
-0.3125173849651042 0.8395703657960469 0.527480673975715
-0.48599370074140147 0.433826731238409 -0.8214785807368621
0.4303723212911261 -0.21432675136117263 -0.36410538743121723
-0.2811808085403493 1.3281272491522236 0.5074695988821443
-0.38808027065269735 0.16857674710332038 -1.2783098873867216
-0.49860581470615806 -0.2016570539468121 0.036799709522149726
0.09902727337807349 -0.6859613052329995 -0.8279023797693585
0.25587624512814067 0.6484171320864642 -1.3873005221769246
-0.20542169112862663 0.6955687618632118 0.08246010005282978
0.28659774814366523 -1.18264393178888 -1.0645421496944598
0.364938577428805 -0.1450743970876358 1.74102829652379
-0.569024023903623 0.7154364254358261 1.3357695028416292
0.7315685832416772 0.37006791173808096 -0.9270487942451089
-0.00565371791798408 0.8510088377175151 1.5757388728464043
0.7560492211700576 0.6424531779463596 0.02886942116422775
-0.38966702563778033 -0.06406676561903257 -1.3567694649464914
0.1123613155453953 -0.33191424793976476 1.2182289136590478
-0.6970094582205664 -0.3212086072252598 0.4314624552958284
-0.9138913427948498 0.5263250059441908 0.009074153342913949
0.33170459376321615 0.44512140471922934 -1.7845708337143442
-0.7951400342477262 0.7725329918364974 -0.6401063786200369
-0.22260533076104982 0.6155054129778357 -0.860839738923596
0.7666268836172883 0.38269129269265356 -0.1923019943284121
0.37549504076884865 1.0265603127472862 -0.6855613582759426
-0.5714544423713015 0.7679790394647394 0.735357662801452
-0.6897669049688759 0.6389990337016807 -1.0283125579674675
0.07473090508283842 -0.6772974251993094 0.7092946439890446
0.737247626302344 -0.27812415386679046 -1.220778053765629
0.4766358289795041 -1.1811231120622665 0.10714468562307511
0.4945620723411448 0.9794780005419854 -0.9912402919721162
0.054325241259210344 1.2857383633281438 0.17560034409418712
-0.0030585299915706354 -0.24754889675751368 -0.17319000142135144
-0.5840309871487033 0.1343284904612687 -1.5771119514092389
0.7459600720492916 0.5247009159965343 0.3714127745342717
0.5799565548276753 -0.7665810567766602 -0.8833831423666947
-0.7591023736111864 0.49523233602780814 -0.4583028578516659
-0.5377902637486203 -0.020176343817580378 1.675808159117627
-0.191117533052223 1.0174032475997605 0.8691043006049957
-0.48930003605389216 0.3208414422083128 0.05710376826604513
0.24312515461167972 -0.18138282257070837 -0.9027804484849997
-0.7125336497911305 -0.8277257676604988 -0.7381839934713708
-0.25282988348385427 -0.7197274363465926 -1.197175245997114
-0.01777697168606851 0.8322545984194463 -0.47373253273118854
-0.29834256308689655 1.2418327956557693 -0.3263194649518164
-0.008285228292153501 0.3954846058550776 0.951505250269979
0.3110316181216717 -0.7911425883098971 0.1006499108260388
-0.14167312129515852 1.4597737177665104 -0.005285817769772105
0.2311868099833403 0.5561006337273415 1.3679161873622276
-0.07085530191079648 -0.6623230669761911 -0.9288174090349761
0.9438696799674249 -0.11570629539298594 0.6320848960430361
0.4659444025995976 0.5366108314222049 -1.5420265841560128
0.060558339592332144 -0.45831477898374295 -1.3894403750830358
-0.48227427543729684 0.6048964726061135 -0.4630165879237711
-0.4074827307379729 0.596562066056296 0.16679803052631526
0.8866111610437035 -0.36994438849018296 0.6240638914173533
0.08064850065712559 0.9976810076656939 1.417932616646401
-0.043172525326162337 0.6421364627501118 1.7530777214273514
-0.7018721602595852 0.3431132812847122 -0.8230945726997172
-0.4639861977537283 -0.8847071191366294 -0.8956958289349513
-0.35867794072655945 0.7871334166074213 -1.2885452901673493
0.4461613232651651 -0.5171152739058208 -1.1724870752764773
-0.22338006888164808 -0.3646991997250948 -0.46062384456894323
0.09398483461667095 -0.36031401527695595 0.6255746093773396
-0.7198352365747167 0.12089119629401157 0.3289776871166792
0.3156394254323669 -0.3424682751031334 1.2148742414597584
-0.03576879298025548 1.0397197120849517 1.203028934085025
-0.258648298976224 -0.5688246927109682 -0.5183443723668169
0.0675240223984932 0.4740187001008769 -1.438264557570676
0.17167846623218042 -0.06431819910644676 1.5028125477983494
0.13228086024065844 0.9381221763686498 -0.7383079530241465
0.4966866800576528 0.20622980525758527 -0.7451494514928267
0.15449078357403057 1.1461201507311145 1.0320888825410122
0.1294026245399056 -0.3169170230499081 -1.8011350838536062
-0.4095757558758035 -0.7770983006870706 1.0538078486014641
-0.1951217332369264 0.6117710104572471 -1.4822438018106738
0.48391498287767787 0.06552245961758407 -1.6822708978595586
-0.27881977713003625 0.4009233489617292 1.4375430706662633
-0.7817563598240351 -0.19767357037985644 0.10034984266312463
0.8340247423781879 -0.37912764451746295 -0.7393148769388533
-0.08026065547738526 0.6878068624013838 -1.109893791434705
-0.6969442842938707 0.16913058445334328 -0.9963068833620006
0.757692740640308 -0.20547217213234048 -0.5478976288626995
0.33202449671180934 0.7155117065207346 1.3514079549535776
-0.06593836227315486 0.39348026567371797 1.4047557127769705
-0.04306683673109957 -0.919859074980466 -1.4218731370529412
-0.15757251501217828 0.2853096072926844 1.9153120819608227
-0.29648399312327145 1.181633410309726 0.908839170316416
-0.2788107405459137 0.2612359605063044 1.0533610993088072
-0.3469072179917312 0.20486236702986393 1.551610658143129
-0.8123628922675912 0.43797521214801094 0.8328017589604673
-0.5684930607443697 0.7861770302808537 -0.9394189291524926
0.735852129181157 0.2135499509620511 -0.019235374695697693
0.7099758863958481 0.054197846450235954 0.3725625160230739
0.12365907158125511 -0.6612709771217687 0.9404655625701466
-0.5165441688203309 -0.5135053251903717 -0.44669136258946596
0.43866937583990473 -0.33927731405443184 1.1233734182540993
0.09454981554802933 -0.866582798578078 1.5524675705112392
-0.06422611984728666 1.1266724844887577 1.112682753736633
-0.635533267819921 -0.44020664989626024 1.0738858319816336
0.39337280373656514 -0.3406127327000754 -1.2310695381332675
0.20498080357687565 -1.0564940223306185 -0.1486323803859917
-0.1254508748320584 -0.21479998730056815 1.1164426681224415
-0.638131071349195 1.1496479576677596 0.08253631575155218
0.10662566292535014 0.8723088524653142 0.34224976938922014
-0.6388529801544653 -0.397396280391773 0.8640281979933464
0.1242006446206001 -0.8644043501237643 1.3547526743860883
-0.8696762771591813 -0.17377414904334643 0.8462240187749459
0.29292024550602536 0.6663436298195151 1.1230740662237633
-0.3289072103022268 -0.22135958198076877 0.09649046800661054
0.3073781775142228 0.9025746551815379 -1.286970239450739
0.0823618458401909 -0.8897916194479859 0.1788254675398302
-0.6641976596141239 -0.08149771217694335 -1.1697541228808612
-0.37818714130452213 0.2682110248777938 0.1121965431627272
-0.3272372937281689 -0.16023315292221718 -1.2601821620758855
0.5793162196078852 -0.21689789938725879 0.5768570479396629
-0.18930794494240732 1.4347489302258225 -0.1488662173729609
0.3495259184089705 -0.1533992440871268 -1.7996427438023015
-0.38179700464009736 0.9262269306541056 1.0823707019504631
0.3771707012155343 0.34020061082629427 -0.0682710478357107
-0.29741980057065476 -1.180197814675897 -0.40634324373715636
0.12467069939636444 0.16512987762375797 -0.5356595379751785
0.5020837775514337 -0.2610715620319759 0.8471697058103769
-0.0005133026172312594 0.011647432390595291 1.731491929689159
0.7637195374738712 0.0803680088267793 0.2658856448073621
0.41591511563583894 -0.29708205639399576 -0.0835009873638497
-0.6827787804576309 -0.6316424369485613 -0.9311376199493289
0.2563317025838945 -0.04012099675908454 0.23841234650924292
0.7012498508134606 -0.9921899762088628 -0.5107988745162264
0.24591262831948923 -1.1277933775085462 0.47104195523266146
-0.23216707235421463 -0.11739745140776714 0.5800206882045513
-0.7194048983038233 -0.3294181012483106 -0.970182216710457
-0.4108905825390683 -0.436130847013529 -0.6237363618402885
0.1516727541464571 -0.6713389511868163 -1.371896403843753
-0.7244176997548375 -0.6029068401783759 -0.7423852432824067
0.7663731852770501 -0.7764863520775509 0.7267415886651309
-0.5405520575339582 0.48134780777482344 -1.4577561698201822
-0.4140207213948357 0.9722572824981914 -0.8749040634219791
0.16614401433184534 -0.5002041145380575 1.4741894444792023
-0.5538908654891181 0.2860210033297865 0.9471141744717553
-0.5629634159571404 -0.8158194878627749 -0.31717720076863243
-0.12158380956130443 -1.3027663121513702 -0.5996691253403497
-0.7970920680330289 -0.22665799325352776 0.793297407092902
0.11175678351522977 0.8558579639959496 1.1523516672025536
-0.7296151472673227 -0.45210467137976496 0.957891485124216
0.06428169657235006 -1.3447422826296083 0.4178899508613063
-0.32992575509900823 0.9695101593631223 -0.1323308818628961
-0.07814933740451391 0.6965320168555733 1.4524267659116625
-0.056392815341055336 -0.9773483945352718 0.5379270789796498
0.3496132100286984 -0.41310944994617405 0.6998742623313619
-0.19451891939524524 -0.017310844488751087 -1.813293250310788
0.7418619677670348 -0.21620814411525102 -0.4973050591806505
0.09714465876983769 1.2453463475036397 1.016220397002706
-0.11269674224425663 0.836097707497057 -0.2691108927223911
0.19041920338984397 -0.4643595269702523 1.0471372755499564
0.5562336071777054 -0.9642806970916497 0.7562619128216652
0.3322940772160745 -0.6878533240050264 -0.9423662314064694
0.34088663209156533 0.12662712599846726 -0.7081392923780352
0.7614535817890249 -0.7354534630911325 -0.26193465126718785
0.38798511973176475 -0.848713961760321 -1.015042932569152
0.43163901310486086 0.7150063558836424 -0.8760267803560771
-0.9383105907182472 -0.05931753665077566 -0.5774794521967981
-0.07848554460868229 -1.2481898839073677 0.32709099771900174
-0.6504744195153762 -0.5616444104404179 0.9278560527305091
-0.3329362779205438 0.8639228148708971 0.23616479735246543
-0.6917927566158235 -0.621763573326752 1.161076234807143
0.17734850099132382 0.5841058141623767 -0.04400572031258898
-0.8061663427863761 -0.3305244486269343 -1.0393380550808131
0.35228353468856066 0.9498539643092059 -0.8952149733911665
-0.8951251460774423 -0.04938499302562427 -0.18473682709222183
0.4050688182269411 0.36623399523424816 -0.7613677798721508
-0.5475154868485972 0.41791358437190507 0.6198921300128553
-0.20299073798329137 -0.09201462094175583 0.4917817736610437
0.3687950611204156 -0.7007614589267602 1.4367603382514105
-0.03514887335532402 -1.3647296804764688 -0.7849568829202385
-0.1190028649827104 -0.123614327192195 -0.6735947761843826
-0.35964469111175945 -0.533855597713774 -1.210603977952255
-0.6049897546817422 0.9110520698996663 -0.7988848034959473
-0.031095480620131344 0.3118587103821442 -0.1772644171715574
0.2059066752489851 -0.09233170982066907 -0.10805688363890509
-0.44147455815343384 0.7990650621929332 -1.4140634733703608
-0.08450298380914045 0.04269675411996654 -0.39582831930971807
0.3710781479731975 -0.1041265528488069 -0.7458979383359639
0.5551477423072466 0.8768736534323707 -0.9831344260355208
0.31114103933896087 -0.36569163728624243 -1.2946727706264283
-0.37558290556118923 0.6400920483713728 0.8298870974213597
0.35692636034553527 1.0839422124426825 -0.008116178149804476
-0.42527983523481705 0.5361378434550019 1.3661742268413612
-0.004537253692108889 0.22569475596666488 1.340759185597737
0.14146826455001804 0.10833184879575697 -0.4242920179308922
-0.5888099297520617 -0.6665882999765338 0.13686500444480387
-0.3547239501530224 -0.6485684057777907 -0.5981771560814702
0.6155626508352068 -0.3588963081662624 0.7316215076580281
-0.30524413823200414 -0.7496751608631317 -0.1320893354189554
-0.22625072526072465 -0.6759566078887463 1.7151481503246164
0.5574540901022362 0.44285321749977347 0.2381680434962652
0.7425569933722989 -0.7781230995431105 0.4269151776478206
-0.6847760283565771 0.2719977706494281 -1.1360511743244759
0.5028940194002358 0.5615741859432091 0.782497667126254
0.6911349869776138 0.37373214836836754 0.05192303496085504
0.8037452413705513 -0.027423915734117177 -0.9002926059641103
0.5631202595557234 1.1315918996668848 0.1469048794756409
0.600832647624028 -0.4487662536477919 0.46669036675565145
0.08491351854646334 -0.19061408420408332 0.06483123351515951
-0.6036610797659774 -0.3738132065873234 0.3141170599021734
0.13475383683477027 0.541934525555599 1.1328319062371892
0.6513769898913495 -0.024243893325758492 1.000369600867542
-0.360538160409938 -0.85447918895905 -1.0692087210717065
-0.7395890689911604 0.17066735487790363 -0.41496628190789053
0.19763189264047787 0.7867148479177035 -1.2277406143100422
-0.04787811830804323 -1.2817248078957857 -0.8881456814337931
-0.10967929418744582 1.0745035420366325 1.273165445481803
0.23066056143643232 0.915312418674922 -0.5019100866748558
0.12526313007069612 1.2609236897911833 0.8031006544611734
-0.0007838788387397599 -0.7968576894767628 -0.4211594017013325
-0.83660731024551 0.4784740923853943 0.18329234968809027
-0.7248433560799772 0.3189299710519764 1.2072293630395619
-0.7974820377823808 -0.8078050629222694 -0.2695732995853608
0.6676373823234723 -0.039328687008933105 -0.9834011358893968
-0.3113142034982037 -1.1261751072776458 0.6911611371610462
-0.2622584831580832 0.6245689723076415 0.9365586358690625
-0.4041012251432363 0.5784373359314943 0.8424662034360835
-0.15805102712157715 0.3780875242006967 -0.8010801617898164
0.6504698289772328 -1.0353752976523611 -0.627013782207337
0.3714911102861076 -0.688838529441503 0.9601886238964119
0.7390421779985148 -0.5439765721785642 -0.24681381752261
-0.3922189753864229 -0.6781837066533024 0.8931608610320367
0.5140873368196803 -0.04450493151620516 0.936382152322695
0.05272921094329419 0.36060997100982073 -0.8272191180131276
0.6503807384583318 0.3824662930801166 0.6476661127423826
0.5022978419957271 1.0592442073640846 0.21587651525699236
0.09495297777383604 0.421289266589703 1.7538223304590757
0.27028647718176013 0.14389379878754438 0.8793733463086828
0.12780832373212658 -0.37587336381168224 -1.0974364871942077
0.6831941725723105 0.3669353759299745 -0.4275674367360556
0.7140292882627435 -0.5329350638339962 -0.8424889929067167
-0.4657877336641594 0.8074279339815655 -0.45990581682294307
-0.3701991343393578 0.6135563557277668 0.6229920306321914
0.4871743621742244 0.2243030531804342 1.535664704595881
0.9738352441350286 -0.1882024437970382 -0.020049166511847183
0.23509351919966037 0.3238345963827849 1.0702434907563485
-0.5537384762464594 0.14757462933027132 1.2755462271206355
0.3440193230460067 0.40487905897269716 -1.4664202326698499
-0.16843161455363642 -0.8644564298133638 -0.8592798316344838
0.09579863473178052 0.8230259534438433 -0.9840338249700924
-0.598154562897419 0.041477423742759756 -1.1652487039769572
0.6381806525468483 -0.8642162442107586 -0.4241053882660002
-0.48338235633072024 0.48895745955840675 1.3383561918833933
-0.5296910240199406 0.2080898199065362 -0.36683005615370945
-0.25913584635749 -0.6757562376630842 -0.12858704005375943
0.3749134553085922 -1.2883460760414418 -0.25643208990693855
-0.18219513110092334 0.7446539555785741 1.5001154067088769
0.08533736237149969 1.0147104894457621 1.0004441552058725
-0.3716081845757675 0.2641271689265421 -0.8701881636565147
0.9087185668627327 -0.09493834864715289 0.16861881334683337
-0.2696444831855007 0.039704244859235516 1.1863223198985304
-0.4392067638458095 1.22813007105993 0.023202836944897776
-0.7272729851871187 0.9918299282426051 0.0005828414971640328
-0.3659560459444622 0.7482843374329118 -0.4723902611391133
0.34134720876796476 0.806096188884891 -0.017105358785487468
0.48354186545710354 -0.810060985481711 0.04562265440396196
-0.5822709846774099 0.6314568322229066 0.42541145092245136
-0.866865854131686 -0.2252508933627433 -0.8373124860025918
0.34378205160864983 0.12200902560549043 -0.6957259665482192
0.2732501496805506 0.25461100659310176 -0.035586636687162
-0.7646858875945142 -0.5988753586102044 0.6259499526502705
-0.010621723983527342 -0.12702622261651286 -1.0989684979598002
0.5457572841997886 0.4758622576008915 1.0349558940858472
0.6420036556318705 -0.27545836641429733 1.017790605543877
-0.5215632665940009 -0.24033625779239998 -1.5555469671288615
0.6283577486405107 0.42775443353646736 -1.275197282441923
0.022273448026277842 1.1147037608951038 0.5034904025785054
0.7472958336283742 0.33707937520598996 -0.1371071381938851
0.08007978299063212 0.3428896741284646 1.1962419060461627
-0.41930038524325 -0.32471816606340154 -0.7101976638355354
-0.5264639211622226 0.3863600747831515 1.479100071083387
0.6669947730203878 0.6081520493452945 -0.8712008519486458
0.2411469554838479 0.47435776267644325 -0.7310750616274535
0.28192345432258237 -1.0397278300520045 -1.275277759698806
-0.2790683232553133 1.3675711558795074 0.15017813610277342
0.4811232151420739 -1.0544855430734041 0.825268593427483
0.2616896060148717 0.12622100438372152 0.906339073103879
0.01791079695164388 0.6171874403308442 -1.744668733322443
0.44538815293579836 0.9321465933191999 -0.8042204102088246
-0.48410901180428434 0.5662614510668429 -1.0687985826844408
-0.7818073167520831 -0.10331208161182692 -0.43358264314207284
-0.5634268728070688 0.4395725594806872 0.2046843480590188
0.4174646597474525 0.4741734018815653 -1.1301734457893642
-0.052705947130075925 0.7894230817802219 -1.321297305561739
0.12735399969469574 1.0896575012471441 -0.989167149568916
0.04962625838210055 -0.18891681418281858 -0.329288506381062
0.39201001822050396 -1.2002022013704663 -0.5148590524880015
-0.3388641362252587 -0.9468080943998004 1.312595981790913
-0.80660200565227 -0.5216697487207722 0.5437565207184627
-0.338467951254245 -1.2062749649782873 -0.7850564158895312
0.39014545399376943 -0.15733115133611664 1.3049771122176308
0.5689160222930274 0.2429734431459607 0.4469522993601056
-0.732552923535194 -0.1320981482394552 -1.0999144963560221
0.356078929253949 0.947343325714626 0.7114390017522405
-0.2930906211028461 0.37932034559580896 -0.7683532559887558
-0.35910050437226815 0.13603248175509597 0.7500269230888925
0.8350679372297376 0.48747259520030584 -0.38048421586882375
-0.2184064070026308 0.3335012071320551 0.32826255838028917
-0.3557027548725964 -0.2997727689756855 1.3935592524632545
-0.0009653007021155346 -1.2880094256780728 0.42174531486090494
-0.311642045395671 -0.628826052948793 1.3228238207461378
0.0784203983919265 0.7465719677008589 1.0755125636189176
-0.3222603095722083 0.7319902565239227 -0.9642667847286202
0.7315258988778883 -0.2264734194223561 -1.2367680771867464
0.29743358713993717 1.2186189266162768 0.07673594336186884
0.2410730307141138 0.35703802317555944 -1.1158731958839665
-0.7363982458966354 0.5478059180940407 0.840685157654733
-0.7070790332410817 -0.696188001385072 -0.9946916082883641
-0.7647375312563518 0.10580584561019712 0.3315173104671718
-0.2938980443750916 -1.0288774296359702 0.29678675857948367
-0.5909057389413208 -0.7490673929781492 0.5895104669833535
-0.08729601101139006 0.09321017623835637 -1.473622535601153
0.42109865662637236 -0.4724726520502711 -0.22895150698308697
0.5965813924058367 -0.9707517148276206 0.5949086125004004
-0.20069072204884142 0.59678673504397 -0.70542739671995
-0.10357815946624949 -0.49600138777655034 1.468201378951552
-0.4190077444203266 -0.4550364692186095 0.30659591643898354
-0.6593344230489895 0.6248134350900791 1.1576441828906008
0.8220085030846969 -0.7439985342742236 0.055547874129242114
-0.7108897791106505 0.9596311369643606 0.15207149276975018
0.5571118637173726 -0.313449844386251 0.3945371068792727
0.18827700944892656 0.8216976875176321 -0.48772194326479834
0.4531328895848705 0.08426680467416547 -0.24347615219681584
-0.8906291845720429 -0.04770062793211416 0.502673194635427
-0.16645031367978635 -0.0567608940320905 1.2594654078539413
0.7275668906990602 0.9690044949572179 0.010325560177737447
0.5652447727341907 0.637424511460126 -0.31520437710681515
-0.48987216099136077 0.47168482995409855 -1.23676151145562
0.05934382626730694 0.9674812947602138 -0.5545020964440242
0.4774850476233865 0.1141522309559837 -1.0368112765025095
0.3416018171956614 0.6971031351758818 0.19682777051491973
-0.351430095689129 1.2354571381941075 0.37466461638274984
0.4971214500542416 0.9030099000929139 1.0182991294761767
-0.13798189855917053 0.49245078446934887 0.8991749806400291
-0.02993513005899673 -0.5426169592658918 0.26616947530649204
0.6685786357389432 -0.9040797228881701 -0.12186914907152735
-0.24509816636502113 -0.48344760106720885 -0.5048098342827574
-0.2770739287268582 -0.7348853309439978 1.3556854381735968
0.29143999236564433 0.8698478282824715 0.6178749970130473
-0.6521998857550197 1.1304923314152444 0.15187508699451868
0.2531767074594844 -0.7519472962907949 0.09064016605971004
0.16230341134705495 -0.343359661564663 -1.8546884943257513
0.41411940610203635 0.535607588576438 -0.7909171511815489
-0.03108426377431872 -0.904988499089935 0.6762543910095808
0.07961429609043646 0.5496533062387603 0.8457627773649361
0.37903809717753933 0.41513672625370734 1.418740779050744
0.3994002023859369 -0.07249751036452512 1.8215150853190587
0.3725112238712467 -0.793269897744018 -0.32793421987264804
0.9113972008673485 -0.5816814003203175 -0.1433310244499375
-0.7198843016419829 0.8645839409794065 0.29180918748987184
-0.7605308067299581 0.1767657916621208 0.7420970644582661
0.31123422832216985 1.0716724515410307 -0.4095814864095857
-0.29208332874653076 1.3221551861934424 -0.02582437908627977
-0.3067457128723041 0.5895046443212091 -1.1857769921110757
0.6170848664208524 0.3189893794562755 -0.021174116407556287
-0.7015098673512117 -0.1310694603989142 -0.5585430294914588
-0.19145296583765692 0.09851112970833364 1.8242174912243838
-0.14775415792280566 -0.0973522891586629 -0.7435888004307283
-0.5626961920261278 0.04544956795804689 0.014528758674518194
0.6383054643074495 0.8464473819656875 0.6039120952178272
0.8139123792824103 -0.22927602657178947 0.033126660012911646
-0.22207069860398376 -0.018425664308148626 -1.7310897099916582
0.7268613138446267 0.44017077234188884 0.019665272673019984
-0.02612514348872752 -0.9883219167801611 -0.8910164840634942
-0.27242891026540095 0.660029012010781 0.38421258117954515
-0.4052447904248091 0.44197935674753364 1.4936752242452367
-0.42116839546106677 0.006682857572990697 -0.2477125108269722
0.3123323239920963 0.6624065697229176 0.5803589551931241
0.41624635211471306 1.2922501052293023 -0.10079219640098502
0.5039590150302213 -0.680482951250365 1.3941413604933555
-0.4442928911773858 0.17564764518383447 1.094538491090411
0.09140010675544552 -0.7044261838298916 1.563050536035497
0.31673704298319527 0.5731840541027569 -1.4520483575400336
0.39392604353471805 0.692105960894188 0.27123437702397135
0.25902889113484706 -0.48976194150396024 1.535993217178342
-0.4255993116514176 -0.17281621626741517 -0.9015891368915043
0.8733849902608526 -0.46846912102312244 0.73620425816092
-0.0760647961175942 -0.2872740009181487 0.16796812383016224
0.8076789682861583 0.5389620092636749 -0.3940463808879242
0.10453896186500877 -0.6624607593414128 0.6173469548258761
0.2328073243714439 -0.48167373973390526 -1.6889456533131213
0.0992170972054307 -0.6719290746405021 0.6554150670851153
-0.8046313489603918 9.201855743423693e-05 0.6710790735874741
-0.6391117280118239 -0.8057979008917563 0.47312096629384115
-0.5260634053459752 0.07767069546006344 -1.677459321220585
-0.5177060523788102 0.14562485970770367 -0.19217179564555797
0.033582195690096794 0.06836071840361613 0.6919135296744039
0.31112927073963315 -1.2464161348043268 -0.7457597527167255
0.8449214425489768 0.13817612986901473 0.21832713429743045
0.381611102876519 0.6882707335805698 -1.0004985981751884
-0.6448373249153452 -0.957030047736181 -0.1518952763043404
-0.348778427186647 0.028002553156555754 0.028253566714344203
-0.16938220597313003 -0.38734285563064086 -1.0214681615661503
-0.6486000685972457 -0.20111410302342225 -0.6471612978815835
0.017495637925201146 -0.08769758315936538 0.9652670576678464
-0.3689351221720334 0.19102738014672083 -0.273794002151333
0.030349911752025838 -0.2097841732207124 1.5490186303420028
-0.35363520300668294 0.584128206743479 -0.5633511862319738
-0.35007220986008303 0.15270069322143875 -1.523795932776291
-0.8344677826234139 0.10980664129909945 0.5110942702380221
0.27492256922501523 -0.18111591184470588 1.630013622636234
0.40403825306030683 0.5254351921531972 -1.6855162042542888
-0.4963099293259423 -0.5120262606105803 -1.1474119087160157
0.9119029317704963 -0.38229265452444205 0.27075506128427396
0.4099705719492166 -0.8100081231023332 -0.39012023665501383
0.01070433411020022 0.6676350559888125 0.7569014327866332
-0.03662922677133418 -0.693681375518335 0.8732105194017699
0.02442024449556457 1.188830731765993 -0.552584552163907
0.24815620901430013 -0.10483189875182841 1.9015577770979775
-0.6886115237994062 -0.9197549958858183 0.37434958063579415
-0.5403024895714024 0.17705396299731824 -0.2678633102434045
0.6823578465681559 -0.1253158805118637 0.10837297521903233
-0.631676605041011 0.11574579332299684 1.046257669638364
-0.862004819118589 -0.00771553947354775 -0.7491337308311126
-0.345781300738524 0.013866175338356435 0.044945126890650666
-0.8784207440071286 -0.1866692560100618 -0.5977510760732234
-0.2098562665125845 0.30670567797638193 1.1767529986052043
0.40491835647245433 0.09929943116956963 0.9443022433724715
-0.48626437800560196 -0.3100892221102547 -1.2120450424208609
-0.3583458456463873 -0.8558249168877767 -0.03082866869406775
0.34772237203676504 -0.5070459475930191 1.7402735679430852
0.06927322001184355 0.2921000861634244 -1.1988288069905786
-0.05491408479450377 -0.17362748912261172 -1.2391758102215888
0.07823921148907442 0.24830845007301527 -1.5993059780022176
0.03359473266256874 -0.6835990582688932 -0.844036255957703
0.5702447916280902 0.21014277798019232 0.7909961427892269
-0.26938861150951054 -1.1095880453909137 0.40165794111516595
-0.659985222841174 0.9619385243375924 0.11564736031139278
-0.22357212768422374 1.1580810459137054 -0.8696664595544172
0.655437362476208 -0.7161674804122008 -0.07418937134380466
-0.13673606230964408 0.12815684928566062 0.3764463957135309
-0.3278397485849953 -0.8718047686995302 -0.5046393070875386
-0.6115392332048974 0.33628348624696747 -0.5699076494536173
-0.29539346424077983 1.2709541087859852 0.8289907809685793
0.28619936356992093 -0.8896203431641149 0.9610010130690108
-0.34959976285955285 -0.09970467122497295 1.769542735077374
0.6576064388271656 -0.4624603537003176 -0.8040031181649931
0.38031290022295416 0.19098749149130434 1.4821512487854096
0.29601022941903543 0.0026790752238987636 -1.5685748673735174
0.7094094515716405 -0.9290094849224917 0.36539708637040036
-0.3438644869252965 -0.6625726608399641 1.480566310728828
-0.8480842480003239 0.1756382239162293 -0.24349963728385937
-0.9010323981567936 0.1664528921745747 0.7032083144661718
-0.08177184842229135 -0.7667878470120132 -0.4354845796607947
-0.2531929136158555 -0.39855435077589063 -1.7292948165680548
0.5109584664457574 0.527669426834783 -0.7471147179274311
-0.2612843021777309 -0.7999070668456438 1.417765493412662
-0.4688159917319341 0.6619549570748267 -0.4151742963054632
0.1870238584582118 -0.11576527024534977 -0.3323815593575503
-0.1472615898875025 -0.39768356677174 -1.4617923851750398
0.21416371276312085 0.9720574252522338 1.0368552420390071
0.5411392254438443 -0.3356549264898443 -0.7624646763226295
0.3828506891573029 -1.1139177926633492 -0.15940526969066227
-0.8297661337285349 -0.2681689141011341 0.008294948926233392
-0.29274465963780916 -0.2717295340156298 -0.2605405359756232
-0.3671465518010206 0.35410337025576766 -1.0809881470013427
0.0950378712234643 0.7596359113791471 -0.1619946347441803
0.6376145646940581 0.6109004001651943 0.7938596413087335
0.46125749552709494 -0.5537813902630515 -1.0569394999858113
0.8929842213084707 -0.1007213841759842 0.47318317893835404
-0.3107629630526052 -1.0395836395316433 1.2629344959408075
-0.2338470394339638 -0.3094659566084186 -1.0679540991113559
-0.9298140772782237 -0.3914302563276144 0.29798401524041296
0.660248077254546 0.656676101053534 0.3532496539893515
0.22880599745640917 0.10822655892345878 -1.0509614195317076
-0.7465830082905234 -0.32417103918977563 -0.8175128437441992
0.5329023632299701 -0.8832871430177118 -0.3754060313658538
-0.31627616556139215 -0.1726538437563847 1.4474017665875452
0.10146881841449873 -0.38795398618315957 -1.613492926844529
-0.2075445738570214 0.4712944319358834 1.264153035822574
-0.6376362746401822 -0.3861270966218784 -0.5256759132165545
-0.3466495603882813 1.0474194212420906 1.2294069512739463
-0.9241455207682567 0.2702968269219146 -0.57688223120127
0.0021126101970865285 -0.07131654168831592 -0.7872081951939589
0.39573576415048817 -0.8640329209586836 -0.5532370637318924
-0.1730965439700516 0.44127058343508274 0.9331634444003964
0.01776014241901458 -1.1227352633871046 0.7882463781568196
0.832507256189152 -0.4029273253280805 0.24247693935392922
0.0863245046796024 0.9567474940092286 -1.0266721477858471
0.5246413654696029 -0.6821667571779071 0.44341222687305715
0.09073224083064102 -0.8020072081285803 -1.5053951419003848
-0.19129237443898695 1.2836833399713417 -0.06290438583164759
0.5945714321806361 0.23346797719667434 1.0155708062706266
0.7852661213996006 -0.6685853534526187 -0.54320610914976
-0.38039749565318304 -0.4253765595887695 -0.8354196217548031
-0.6738557999085792 0.840726168636829 0.10811814467331615
-0.9723723454311368 -0.06657514953365551 0.23484741938390918
0.24893206070466922 0.627903363051292 0.15345176522130055
-0.6232152625944423 0.2939037912028253 -0.30559921074058005
0.46641551762300937 0.443006762739933 -0.3312748176330733
0.47121909443410415 -0.5289119225478747 1.3442809818533372
-0.40032983051153104 1.0153728750982256 -1.1712200453402506
-0.3758847057592354 0.6276002301611543 0.8412560299755656
-0.5614313199508789 -0.568479018944507 -0.295593527345543
0.14058183642753663 -0.9521966485228949 -0.6199631406959893
-0.5336827235149533 -0.9754764786941744 -0.2788090319225156
0.27692575890396065 1.1205326431485965 0.8503349928590258
0.4252959801290004 -0.6627654604995672 -0.798798977639847
-0.04714370248517641 0.727264895485872 -0.9108986177605716
-0.13581545065074851 0.6541296916901329 0.5231813990566487
0.9324100056802007 -0.06253873395414988 0.5547741834291378
-0.25008714763312323 -0.9427634709201801 -0.8570406208382648
-0.31153324278451433 -0.002151763257965733 -0.061289128799336456
-0.22233521121269262 -0.3181197989458271 -0.14095834858812406
0.8342778944901474 -0.1173393466405015 -0.8774012120775421
0.1070791019668198 0.6664357218064332 -1.1738418254839171
-0.08771815484112322 0.30160835232575467 -0.2433748971570595
0.3170633447297284 -0.4171576433674331 0.741450459641773
0.43764474508691187 0.7310817668608736 -0.4116642062616127
0.002289401252367984 -0.20578903531338177 -1.782781195009695
0.14505703756327315 -0.6081607125152612 1.0935924933425527
0.3373058955874897 -1.3216331197400844 0.4137603954314639
-0.23758005435506235 0.37874243335720603 1.1578800311132702
-0.1612537034124828 0.35948353158646684 0.9319719759955225
0.6480349484240515 -0.3785073162524437 -0.07704006004512687
0.7501099362191801 -0.28282629761274247 1.2466766281554031
0.1825462625340737 -0.6291698409209109 0.61602351004105
0.06377531555396843 -1.3093183227982883 -0.17408068597807835
0.6059580246837402 0.032873291503979996 0.8374854273117665
0.42317637175059564 -0.07533558677624264 -1.1664659093399496
0.6220461265224377 0.48108273146691793 -1.2011899688668826
0.44429096171585436 0.7350744444084034 -1.1638123377963
0.07703842215805756 -0.3975535455122463 -0.4291053660270787
0.12282995162951638 0.03420871626289124 0.7723870546410065
0.5276635124108648 -0.6486469700468758 -0.942580668923199
-0.4017556061489125 0.7278544805193086 0.4035218165206915
-0.28296812975321584 0.707853086399127 -0.905849658844871
-0.03955088055782796 0.9655973609093058 0.10475592511427534
-0.3026170633604235 0.10745262713006531 -0.3886674500106784
0.3300245015886658 0.5158315152740918 -0.46633526403553827
-0.5807750136707299 -0.8164694546979536 -1.2099023169311502
-0.7631497674304684 -0.02109107400059007 -0.911497395554326
0.35019355660947027 -1.2206090378520549 0.4137411887529119
0.10489454665218956 0.862193671789794 1.3112912947854931
0.06701587028184908 -0.5857746836764146 -1.7378940439445878
-0.09259894088597442 -1.3265099580367412 0.39059648485144915
-0.5572726371816774 -0.9060407659643587 0.763915614183218
-0.5288628740496399 -0.43118395560214573 1.1261729146635542
0.05420458905836889 0.39896086514907414 0.8403334860693237
0.07355013270408062 -1.4047597827145752 -0.3705204261520074
-0.7714773441283649 0.7624765902865178 0.5189071512927805
-0.8972198119167574 0.1498163080452357 0.5598202464764594
-0.9122697904345269 0.09536020410111101 0.12387495845440721
0.8422345768974009 -0.04641188764157933 -0.3386994730649766
-0.5782708056631936 0.7947174076377084 0.2586426776125199
0.48491638385582014 -0.8724705428335521 0.9580636542577663
-0.7075385279077602 -0.3044015030643781 1.3217662020436989
-0.02492109229875994 1.3084562688727202 -0.8944211333179433
0.1473619417608023 -1.334180478006004 0.23233516881309413
0.6676279119876423 -0.4797343426621037 0.3013882990929049
-0.6379704670540902 -0.49756171981830666 1.3693673931250085
-0.02056599357604494 0.8420217367087472 0.45786922867320135
0.06197774733957928 -0.03403548770542186 0.9672463644580289
-0.30566105958459144 -0.27070599398292283 -0.5617463068520077
-0.6471450733795614 -0.2506953727903829 -0.27940175377038434
-0.15551588153111484 -0.08398568853453492 -1.1741917110962894
0.3927667648455049 -0.4284788919097342 -1.320367115313485
0.6830464905577693 -0.9060626517212421 0.2712720717878141
-0.3407480216046468 0.4715761332671664 -0.6453173481159178
-0.7222030205153567 0.4972871140439443 -0.9840822034650674
0.5297083457938729 0.9821077865972154 -0.8304751428789472
0.7271644200077967 0.4694476590269212 -0.39321194390260006
0.2388559665401111 -0.9723044200027113 1.3014003172147772
0.22820442014856956 -0.9782842408111696 0.6013469663616493
0.0469071921871933 0.5214741202530373 -1.375705055140589
-0.8997696353198845 0.5801470487758897 -0.09475621043120519
0.8279907439016818 0.3546394623816027 -0.18735748555324827
0.9130345382865548 -0.03905898719096834 0.14700548553586001
-0.44343107224262646 -0.3052464744085006 -1.457187067786848
-0.17388595370744842 1.1187313726318049 0.24116253643353547
0.2693894776373469 -0.19990917671540975 -1.7059181499551799
0.6312368342501957 -0.7451709038148993 0.8534966677886335
-0.6978399870253242 0.42657986409444204 -1.077102467354817
-0.15444549081680647 0.392414187535737 -0.6056345989134435
0.15137355730442148 -0.006530164523796067 -1.6054924125125702
-0.39652654834721357 -0.7853691079953508 0.11336994209750095
0.6433623966124711 -0.505564353242635 -0.30612019521705625
-0.5684948485278079 -0.27183588890135635 -0.9867975321532456
-0.02202702210857166 0.26515405941187264 -0.8304345481757975
0.3478687967087968 0.736940544399848 0.24654213656097657
0.18202238188052244 0.8052527728785353 0.8453173951354831
0.2957345402524483 -0.12129157215851905 1.0193265806862484
-0.22064772982246939 -0.568679139846612 -0.4480615113789739
-0.7267707143463544 0.45004672622052366 1.1087913430421321
-0.17314200827879866 0.40225336517139043 -0.2738095821985951
0.4634730931601274 -1.0531186534380748 0.032075444111511864
0.5257373543697295 0.03004486981661758 0.5352147288485205
0.4440445409003724 1.178083578843851 0.14770348174462677
0.37427655306498786 1.2924700967961607 0.530926267769638
-0.1756139581785341 0.7604249406448402 1.0098247824127555
0.17976998197748584 0.26539731338707906 -0.888473611095201
-0.04937729092898269 0.18996124148226468 1.751061525827855
0.08291733340508722 0.5723450093479103 0.5568709588117788
-0.26823722249397486 1.352664612873204 0.2381703307179146
0.15988855689872428 0.3025900259278993 -1.4611504302453517
-0.10195640488612057 -0.39222155135461056 -0.3823003205809341
-0.29350869751833253 -0.4060743095963413 1.4853320643930843
-0.7257258384323722 0.22962862676638096 -0.16835284157972552
-0.31258035391978134 0.35001661690968344 1.4449305125684395
-0.37847243046596435 0.8526296725476255 -0.1633516590053321
-0.3122906417281437 -1.0386830721250704 1.1805842702590956
0.5913521013893581 -1.099498686343141 -0.03365879983492315
-0.4334076323174465 0.03272697554393922 -1.2080641155895915
0.11431870969864022 0.1283515385207783 -0.16983488721658047
-0.14887848166123807 0.7728229502673396 0.09955982188677837
0.26932084093158637 -0.15101698968322141 -1.6683189159452603
0.7224268457269472 0.33299820926057944 0.8607656849834351
0.07476201859701104 -1.3159355180739434 -0.8187623052740451
0.48285731443820934 -0.506255718424225 0.5003964165923396
0.39930616713061107 -0.3814000079677049 -1.5754275435059597
0.004574589647842187 0.044775717788569924 -0.6792755518289759
-0.2906569928210141 -0.38644476544638784 -0.3002514987387652
0.11281992415033315 -0.8515602664229269 1.2407784420044305
0.7652496112901308 0.6580239742313188 -0.6209062535990997
-0.6075322745854519 -0.1046348975329292 -1.3278210021804147
-0.3133444864634274 -0.3787153939099728 -1.2954279378033178
0.18620109108435323 -0.5712981794474503 0.5327627495912872
0.4505712879837358 -0.628785187726372 0.021831862493819187
-0.941448848764944 -0.019663514014944372 -0.3414518258719066
0.9564833243690132 0.2687789707077397 0.12208896933527358
-0.8251757764003051 -0.057530081918115705 -0.2680518392734266
0.6570533337015938 -0.23458778205803288 -0.30418795949844
-0.2533594621258901 0.6552675418088594 -0.7877157630838001
0.7708419488506089 0.4523982353481131 0.14472517220075742
0.5286279518140358 0.10508887358002461 1.5531523903681639
-0.7581066545173025 0.8495025842137265 -0.4376566227430958
0.14178129326869704 1.0292839757469103 1.1405690916954132
-0.47898896354525733 -0.5274166948601156 -0.7581326090099547
0.3857583839877319 1.192183189142499 -0.24758553948323092
0.07766660307999329 0.9167814913672494 -0.6257284490397632
0.08176537436820253 -1.2843297735242751 -0.744530444366732
-0.45442216651371425 -0.2556983365424421 0.6760737078655548
-0.6493680442317742 -0.799267529604712 -0.278117029477456
0.742418173445873 0.34221295402454 0.013881076163042128
0.00781500305007099 -0.29189046361349247 -1.0738368462937014
-0.47272614906614874 -0.4126113158864708 -1.59839241671967
-0.14644762777094145 -0.6916641021174459 0.08315804610997724
0.5160362601659718 -1.0893347212166082 0.32953238333019286
-0.4795865014524052 -0.28897006903911504 -0.04792665762891879
-0.20916809820240712 -0.3632303895014348 1.2500581724713395
-0.2590794831824148 -1.0848763355647217 -0.665247751865401
0.44764724433646497 -0.03558151956199218 0.8155607808804914
0.01122594304241109 -0.987137683275326 -0.01233680945186455
0.3765165306348883 0.2082699558231913 0.8577186715490499
0.3793263881602582 0.9342349248222321 1.0473724901831565
0.060099453612983966 0.44174492014870004 0.1161480146543652
0.5039521901446913 -0.9213593640887752 -0.31778358329120904
0.1756399755268072 -0.6016246772271637 1.6068032541492565
-0.11711074336122684 -0.8514219397398091 1.4152790057317048
-0.3369839176456719 1.1652308521235284 -0.30669297228019454
0.6515421403191475 1.0129232628378917 -0.09774121457201979
-0.23146121006080644 -1.085885255321778 -0.1874837585336473
0.0961899564967943 -0.483046026950116 0.1407747445124845
0.46289829664292004 -0.21819698622939532 -1.6717278853495778
-0.2240282581677977 -0.47903689736996125 0.7618693681056472
-0.34987861341695936 0.6090402657707528 -1.1630537774728733
-0.48920907720775086 -0.3463325227216134 1.449994407365907
0.059244427281073264 0.8407306722874668 0.9299051073785534
0.4315322770025696 -0.22690406258540952 -1.6214966306876724
0.038545667099909586 -0.5346701887140942 0.25120017225253166
-0.23905614334104386 1.1952662310667215 -0.44445283598242824
0.2572718655138715 -1.182784933652563 0.6216943187349901
0.16825688415110385 0.3019105435939502 -0.034706195275511664
-0.10381748610274899 0.2962608638739197 1.742423110106936
-0.5437918853915662 -0.5087353177654821 1.5153043422148538
0.294086942585718 0.7201607508001349 0.31948956866996214
-0.7750325895437702 -0.13538615049968716 0.5734204443230384
-0.3148461602331971 0.7814292522859354 -0.6321036701351774
0.2263883338614041 -0.47462914156666436 -1.3034356719681202
0.07279390605891556 0.5905950483796549 0.08470527189672117
0.19055433206052097 -1.265513317742544 -0.9198694832340615
-0.7613883701620809 -0.04634989637958564 -0.6593873004543145
0.5968174711750216 -0.041580716545216445 -0.5245889502698402
0.5309086995927681 -0.31280310233343767 -1.2187246422113036
0.1448348975682232 0.06532031940896088 0.42217653962267754
-0.5218475671529657 0.38166577306449634 1.6282103510324806
0.5729297425180802 -0.5084023500562639 -0.8672771590309014
0.33585003981400474 1.3678544447840628 0.10410262249962177
0.09591670904884753 1.2117247722505544 -0.9442679409591119
-0.47630918429191826 0.055741704941768555 0.12177693700403935
-0.21443563193849235 0.9737542395603267 0.3204252932343392
0.24447797000653138 -1.248535338774457 -0.545788927955595
-0.5319526108451622 -0.47629956528112904 -1.1756021573112467
-0.5588806555697914 -0.8485312934326866 -1.0031262279725786
-0.35337283329813385 1.1444398608847548 0.8720151424960196
0.7748485024734091 0.3440628750540662 0.7298920742087147
0.05706745266289026 -0.4003956140245202 -1.7407091789025237
0.774579134023182 -0.32921961435531255 -1.0779830353674371
0.11939156827352759 0.6661520736958102 0.49573621871571927
0.04325822207214225 -0.48243304981866153 1.568734112693063
0.7181361331763381 -0.1961836849321048 -0.4156651350736853
0.4189848688056699 0.14892039586312622 1.5065246422090657
0.2408778269209404 -0.39444147191244516 0.900087153566878
0.44735264643731343 -0.9579911909342542 0.28279868646337025
-0.253638417661602 -0.20140164157340923 -0.1913796946630928
-0.16493904088855915 0.6934879095664996 -1.3701961409003318
-0.083071352256322 0.5227454738865327 1.2611194254236766
0.1886140975722732 0.9258510836986349 0.40624104132435823
-0.4514317200762128 0.6151110296471556 0.48147315521079914
-0.7155197523617276 -0.7176571180431884 0.21110379434209303
0.02938988527459241 0.15477606941870725 0.5606117754088618
-0.1810506189681751 0.9399828779939545 1.0699465131367565
-0.3248971175760067 0.3463607169625287 -0.5549238145322564
-0.038844443768625725 -0.8255165019678266 0.2699628419291211
-0.6419008636444079 0.03428857781913108 -0.8794034159683211
-0.4408609597812734 0.673031463737896 -0.4492227117926424
0.7085790682665567 -0.266266416788012 0.09619542489419786
0.09913427341130188 0.003973853440006003 -1.0336076591738115
0.6247100472897333 -0.1842657563025587 -0.8459296658574189
-0.2601631732222571 0.8138588626794752 -0.30980423062134577
0.5305281895310783 -0.4259546895667179 0.13247542937438572
0.4578494440075054 0.06867891984811769 -1.1256332406825713
-0.38272696961187314 -1.0450082567343046 0.3116725263050699
0.5165349416420928 0.4862777463103165 -1.4686575929989987
0.6401219155296416 -0.13839929591440647 -0.25251599201976216
-0.3949549987270151 -0.3753331444679582 1.1751109892011016
-0.5438512536248268 -0.4548889009574397 0.7427372781439971
0.851120669264755 0.31922926680683794 0.45355112395318464
-0.015322743968071428 1.206828213131943 -0.6922700309644134
-0.7598514408559964 -0.17972961473613314 -0.2574360216389189
0.22550502371398573 0.42615744528074284 0.2808195861166305
-0.08145743742218992 -1.193745743903608 -0.6284915305312446
0.4866543450155012 -0.58103423220791 0.854383589676051
-0.7988083310284806 0.44281507366804584 -0.18906545432124444
0.3876095234640897 0.1389341277816094 1.2436218051981327
-0.3284903673617552 1.0264866736731033 -1.1962729725697385
0.39814024792484903 1.3028979476203424 0.5161248370817879
0.2572563548609941 0.6876922057780215 -0.07685491997023952
-0.3899590601585954 -0.888839111114579 -0.38793586600877505
0.10741529449738674 -0.31178219422034625 0.15742121217053562
0.6618468735429908 0.2038750481696343 -0.9008294369686394
0.38419568070035903 -1.179504954559562 -0.748799564618249
-0.36345374770753947 0.9738711990273425 -1.126858299894936
0.6771792651526451 -0.3174479431619668 -1.3407312381570535
-0.10603738440044341 0.39124681856016097 -1.1338677918129556
-0.15858183793568892 -0.3035118399311898 1.2825087394625316
-0.591484349318427 -1.1551179198263357 -0.07712410199990405
0.17981850462626348 -1.0264528618124547 -0.6517833785378757
0.3875980713647742 0.11540488455881981 -0.43754824643516566
-0.10369537688436603 0.43301075155174784 -1.0155087994702088
-0.551862135956777 0.5376673098521967 -1.3026834090161286
-0.09988762829961106 0.9199913168444649 1.082821573645861
-0.23097448302630497 -0.33244525199135744 -1.408684309607278
0.6019663332462764 0.7094769343922218 0.8647910425620355
0.12139858531064518 -0.5676396808218598 1.0240599088651323
0.3235357558027938 0.6489626239191275 0.620367792773965
0.03655814964744519 -0.8448143313486757 0.1451518103793541
0.3062863051363376 -0.18539559854116883 0.43107231074085695
0.36967720404023385 -1.3055231277933286 -0.11941126319859396
-0.5913577067973714 0.3785857398223338 -0.7376521398343394
-0.9146168383952138 0.20154606941143816 -0.5606264279652908
0.4331786770426669 0.43163497633034753 1.5779284608166657
0.2522609504886175 -0.7308390752721488 1.5391199292993467
-0.12163094971861166 0.6246102798984845 -0.1739528447469656
-0.2360254717608412 -0.9612251604300045 0.2751461259024488
0.04855235529642732 -0.46576499370728475 0.715319126082345
-0.21462445230190874 -0.8379634724596179 1.0216768481359289
0.3995648312369475 0.19063817397980776 1.6602418082135482
-0.15312969699513768 -0.7023720994892948 -1.3912060571609248
-0.3540140560492391 0.47012690317588923 0.87192988769791
0.6153861538600447 -0.017560616146917285 -0.5195242590713187
-0.4243979466673753 0.7112019601908544 -1.1218468310953083
0.023024856096060864 -0.6383131444237674 1.614501747308715
-0.48718004231457734 -0.06830162476382418 -1.020626316125449
-0.39491186345350715 -0.71640582177888 -0.3918202772834496
-0.26532268424167826 -0.0991194736766352 -1.101982823574014
0.45683832096443244 -0.5644264392849595 0.07300042529958573
0.058912420674765986 0.07190789502169892 -0.7764644697182792
-0.6360632038864884 0.2950361977003866 -0.4100941372575817
0.37628448220861 0.6878910354606322 0.6689445222639177
-0.4981861967083694 -1.0763253269603537 0.13920556160906772
-0.28749283317991137 -0.6512339264475092 -0.4531174058190599
-0.23865666670634034 0.40020725577516125 0.24775789880852406
0.5388642853801868 0.15519615670416753 0.6212492708169419
0.08578568492439365 0.4162970986054315 0.7364231468798965
0.6683353458997618 -0.5800495341352643 0.6071732592819967
-0.6578178534772179 0.3223764936262363 0.8401773910120616
-0.19645628692551864 0.01097410773556362 1.6270979706143498
-0.38177453247008386 0.7065702698930934 1.2507445390640868
0.23154412883184539 -1.1485615695874498 -0.776093940880366
0.7026332054506328 -0.7945492396562664 0.7893608259230862
-0.5051074812689142 0.7245188493040327 0.21293986349043204
-0.21398790101507048 -1.3986497054874871 0.46185828561120923
-0.3242124250993108 0.3869535327547744 -1.2751764700617025
0.17782898287807125 -1.0156188186473398 -1.0997724621425453
-0.8044736340244969 0.4148291932357244 -0.8083023218098062
0.5177116210919082 -0.8079141243216013 1.2717868328153195
0.18827567807299794 -0.4967983410493697 -0.27797500528012753
-0.7545947725684732 -0.8364496601414358 0.41524532093090505
-0.9025391172951869 0.4617201695729749 0.4230809428883515
-0.25235581245261596 -0.0013602510874703988 -1.8842928773044902
-0.33490382891046466 -0.4145553301563427 -0.9704219222816657
0.6076302988503162 0.6864983480195788 -0.20681553138922482
-0.4013081028015455 -1.226011902197616 0.7706459052207828
-0.23518161866118126 -1.1958986585096374 -0.6841779562448753
-0.2397188001340227 0.27074467701198834 -0.16382357646754775
-0.3668347284821927 -0.3344529100021889 0.11648313256223242
-0.46968572349533044 -0.39667079215986245 -0.4506810879452017
0.21043343476513598 1.406121025912411 -0.26197459025788916
0.25967583499664637 0.8769186904052542 0.5792056433477581
0.2050253111271665 0.04029893794039996 0.062122196147076814
-0.5865204543069638 -0.093593644461607 -0.6719765346493705
0.06417555332113012 0.11885185232503459 1.4948707309085667
0.2631943999286124 0.03447557821445768 -1.856567184500141
-0.20584652720726404 -1.1903356148331015 0.5516345963363336
-0.11920920423606662 -1.32353281780713 -0.8286438230834166
0.6712066305549147 0.7000542312484077 0.943067385140675
-0.17398618397803256 -0.138654472769713 1.51215203885494
0.5933765657789873 -0.38093976219435777 1.0296365169445614
-0.01346841105633323 -0.5632077924924822 0.2997109243609608
0.49607238485850047 -0.36268718433117786 0.36944270489560127
-0.5458117444437669 -0.9235713106330221 0.24164107382981692
0.13530103399727444 -0.061185555329779096 -1.3975213775800261
0.5976861855096514 -0.4489855183019653 0.7241029083070747
-0.2456912631792454 1.4101568154228117 -0.047927840547814515
-0.19714073852647584 -0.919668630733418 0.025825501549392893
0.637185370432582 -0.8236788607515718 0.4412343838578794
0.1939347208431672 0.3952767264539301 -0.8857508017777964
0.3791972202673708 0.22408921398070447 -0.6500633065828634
-0.2120768198323657 -1.2974353706618524 0.5204773851229079
0.07081744913631316 0.45950591960100673 1.6840081410958843
-0.3752734222834271 0.3212703528849603 1.6024646753685698
-0.3258249678007983 -0.6206649387785601 0.5939185896175179
0.2374445660044826 0.5780978137259041 -0.8837318173372335
-0.16881759657652973 -1.0005599405318124 -0.35543047161872554
0.23918664376265597 -0.19309898269506753 0.45476059160501414
0.4386429247537478 0.18314384983626386 1.6309465732775532
-0.07802558595116937 -0.42900748753096574 1.7309377005191426
0.21411589991800062 -0.6816827507175025 0.040658568255135474
0.3058887527129237 -0.5253169607560364 0.39954140436307384
-0.6443407028978689 -0.9581954969543041 -0.5421708574145998
-0.6135552409224168 -0.08520619639735783 1.0920027979682905
-0.23661759349636502 -0.0009137216772849843 1.4482106264347232
-0.19030227423035773 -0.3733332736041508 -0.9429823595080769
0.02262359631185662 0.022917655710946505 0.6604789718564206
0.12895543729068892 0.3778329650346386 -0.8170621141015779
0.13089087155887325 -0.028971635930641337 0.5875994339963073
0.42921210869385695 0.3963352555716244 0.29173305870876076
-0.00019989944016796102 0.41347345758413656 1.5314219724256
-0.25871784689762145 -0.05465065614080977 0.9663309991528841
0.011382822611384347 0.6116225401995155 0.7832959686034537
0.020253122463804063 1.1682582103213854 -0.6543139844246673
0.229765429011362 -0.20302955326209426 0.7068376948241739
0.348172738473544 -0.3886857218173754 -0.5554354509931438
0.03660482530682607 0.289020871812701 -0.6404737610105133
0.5843647726561847 0.14153018469605794 0.9764881414155893
-0.4207861424620625 0.7650007685411677 1.1512509021249415
0.5151522635796528 -1.043192990276857 -0.12377949877228689
-0.26774461696520424 0.028878257589741718 0.3574254520832403
0.29748474405348935 0.3029199378704399 -1.2197403753865061
0.359884495813664 -0.33352520715290934 -1.2402187248321788
0.13255398407797303 -0.15800101931749766 -0.313908248809875
-0.41693677148045594 -0.43533813212801187 -0.7137158622766444
-0.45351266683323765 0.5012889727306358 -1.2493243192208565
0.5712582126569161 0.3049215083815153 0.09687619836022199
0.25088738094124974 0.9735750108543839 -0.4883766041546398
-0.03558856096922036 0.9904825697569848 -0.4486418603979243
0.08590057829764985 -1.0059655382050015 -0.700997215640744
0.22566479523288852 0.030522420159590613 1.054346181658604
0.8146757735308252 0.02024204139064789 -1.090156828598913
0.04848316229260674 -0.35550821055345994 -1.8792053523224617
-0.7279296615104285 0.20915848078144528 0.8638384088283106
-0.7375713377884368 0.7277292290563047 -0.14061507309506638
0.2834375110881553 0.38948724212297225 -1.8152104512425349
-0.2904818535133409 -0.016016678044524557 -0.4198400326184446
0.028969631237536708 -0.3171909029504174 0.4295142469167721
-0.18949117444679375 -0.7611754180234718 -0.6163701558455026
0.1590636391850746 0.7382468524778698 0.3008361601675964
-0.6128295396676608 1.164631206585152 -0.1785577828447149
0.9639466814748889 -0.11841573757212398 0.059568874782739645
0.25303771974851297 0.7855066914427478 -1.1652406323428037
-0.11335296480233215 -1.2285456827602745 0.47310741505253473
0.5583765516793147 0.021578000859464375 0.657347943257669
-0.3200906108464583 -0.08954328629239461 -1.1569282526801619
0.6409381311756559 0.5797980838393331 0.49721684780400377
0.3813169966806196 -0.173704893037264 -0.9718304844640491
-0.3484060124810693 -0.8258423551538702 1.0595117974580606
0.7983208469711727 0.42375970537193974 0.026991505460811638
0.3317400331312237 0.3439369446420244 1.5482893458706628
-0.4035470155362557 -0.4024825922450197 -0.5510900314223783
-0.05200941086407962 -1.1332158662541238 0.5859234285469257
0.3550419878176614 -0.9069890741775266 -0.8613705777716878
0.37371401752398814 0.5363863917886644 0.389149078069869
0.5506866664646657 0.1013516597399251 1.316017827538308
-0.7585822220752427 -0.31871696911026515 0.9254010137327864
0.05931088451654265 -0.5501683119483224 -1.47525108873696
-0.46989866989076856 0.49350907174804504 -0.06043354584209881
-0.4350898304577333 0.0199945525765981 -0.8540129515141803
0.7784611013330602 -0.6406065550109334 0.4628994356501721
-0.09205099951038109 0.2501620308817243 0.8513493465123068
0.0306359651120367 1.2591605756460487 -0.5542804258847669
0.2658657111066458 0.18820076994404644 0.9465945687537127
0.7975294521881147 -0.512015971266736 0.16141407982740708
0.35449173601615525 0.1750088446799185 -1.7040863895568292
0.35401721362930094 -1.3427409193894961 -0.381006848311058
0.3606211757029676 -0.26178084599300666 0.8645915911314623
-0.8373305870171335 0.7324552828336754 0.26181196725296285
0.36083098240238254 0.9208080106830172 -0.19065183158455756
-0.8325895388056757 0.12445644862322736 0.19338082286061642
-0.18515137301625773 -0.9443053411765057 -0.9658420951758795
0.12434874729653078 -0.262179388915341 0.2993451237862663
-0.5791302474393385 0.9217152827077255 0.3842241732821594
0.20332509945082666 -0.4887476244002942 -0.7072473539670523
-0.2523729469132414 -1.418080502571771 -0.2941827382568287
-0.16469313470674418 -0.7844704791239592 -1.3159664680270557
-0.08974455330924935 -1.416915567025065 0.16547302926815677
-0.01665420941247131 -1.0234796059078775 0.5675973954260343
-0.6961235882710375 -0.7302123130613783 0.5779119431775586
-0.13645653641425692 0.8317336258372023 0.9065330526216755
-0.62347894480948 -0.32740272485024224 1.2700036794396583
-0.5866619646698383 0.21902843963534613 -1.5089331776003343
-0.19021356819119561 -1.1285107196892263 -0.449023796334203
-0.3445595531472059 0.8464876277831221 0.38342951752125565
0.11567843551622126 1.188313692947637 -0.9453647918395913
-0.4078268319190248 0.6210934753804738 0.4585666499191996
0.5568854161281169 -0.4410885736857526 -0.24390711369064988
-0.20802018835341274 0.06659611271273191 -0.34327421846821515
0.43264835532038237 -0.12646984697105634 0.3428200123117766
0.28759535872329445 0.6887303308884736 -1.526149785162131
-0.225908605561292 0.8721013541564284 0.9117948695699831
-0.14085984942670948 0.5181368684375087 1.2865483446597596
0.19939771193176115 -0.29739018448583177 -1.825575103871329
-0.7696197422640016 -0.9326466191632263 0.11210860893341223
0.8305183847988575 0.24848757821844103 -0.8856710564226438
0.3377685973333424 -0.246893212189637 0.22630836053831382
0.40240289469810064 0.43712109910211927 0.2965898457030871
-0.450563587177397 -1.2732405059694192 0.32105840176418265
0.6480494488169928 0.5997276059076908 -0.14849281833774874
-0.039364288078888476 0.7675459119335253 -1.0413290235076906
-0.24023411238591574 1.2198489353172235 0.6410397211189203
0.31096018047393126 -0.07654189513717569 -0.9401585165256758
-0.08542683824056962 0.9315035060835521 1.3875726039104306
0.4716520373346824 -0.6778286455604776 -1.3609589885773468
-0.09365105965665554 -0.7672831052096397 1.5092400619288626
0.0985739793913405 0.007244434020367674 -1.6857290189980816
0.6537196546791251 -0.5820428262379678 0.6089834534978014
-0.15905358625202992 -0.4223077754922073 -1.8883313649056657
-0.6135821351364281 -0.06912439057114472 -1.060621187484767
0.1447301716057512 -1.2721323339208341 -0.6201209508936403
0.6929711280543551 -0.04313096517252735 1.413348707199174
0.48607726881318825 0.906987794255981 0.6950573451680424
0.6669926372934922 -0.11693511704546422 -1.3677749018357264
-0.5370656669275571 0.09918201596496168 0.12191890898618452
0.4675381139461825 1.1240943133028534 0.4359909877496828
-0.10321768886883587 -0.4315606404759893 -1.2362828072918401
-0.06295132932718661 -0.5784766416699191 0.6608075261506348
-0.20432904199620028 1.1827580437447271 0.32911856845690624
-0.2569855287985561 -0.8736112618264065 0.6619656483763361
-0.1760431423710811 0.49592088092689 -0.9224477346760827
-0.7543543507382591 0.3516645573279469 -0.5716458209491444
0.09760703343369337 0.08364961547777239 -0.3880107882900914
-0.36717685418552715 -0.563665697316307 1.1454974671120883
0.03249799584466628 0.5729324414628891 -0.14381423742595079
0.14043345650711747 -0.23644256475147918 -0.9955386728277826
0.2931315955523284 -0.6665064025480186 -0.17721714227912022
0.36714070474077043 1.0693630813361383 -0.6467502759950654
-0.31967606900265033 -0.8277634157536867 -0.06499194722271895
0.40449047907215085 -0.6598099711831288 0.7215320034664638
0.5558492938204915 -0.168579095620925 1.1518100692481514
0.10157891873440383 0.7145779165154442 -1.16421243726516
0.498432209512919 -0.9346702161627058 -0.39248448222486854
-0.4146005894461411 -0.308390659415994 0.394289941413402
-0.7154264491248536 0.0941286831957655 0.5542883818074307
0.7437997316338476 0.8500731775144432 0.19087014278744885
0.6271356741698 -0.6942308264018893 0.680576915393198
-0.44233852419398767 0.5283850547169351 0.8804420466289127
0.5583220306464909 0.2865962169945575 1.1797406987897965
0.33969860356721426 0.7098755296490058 -0.691079077729813
-0.054332745250564196 1.1611420610312129 -0.7033692033827292
0.4271019680531063 0.8167919595814017 0.7825423632242736
-0.1329291122016374 -0.2648556348097719 -0.6998626753854129
0.6787660518538363 -0.11072130657765866 1.1279814717820322
0.2182417114177737 1.142193988645578 -1.1006196345492336
0.24819299144342732 0.27913561678082255 0.42573726421138147
-0.09549780937005203 -0.9780673356793702 0.7957945821940848
0.6805415694209256 0.7181527181598519 -0.564569429944088
-0.5868727087957559 -0.7486301777620731 -1.1268189034777785
0.4558572779659973 -0.19856159630383718 -1.4542727016749244
-0.6470485651074236 0.08394924442377483 -1.184875062965204
-0.7310445070277183 -0.19003653258350628 0.5809359856963194
0.35714635753977064 0.6229293182543469 1.1970427425445105
-0.6541190246349413 -0.5919121233869957 -0.8739964191901737
-0.12013820593048186 -0.33231657550680627 0.0342120069380738
-0.4033445309490342 0.8870015445173092 1.1223034553954276
0.03818363591233598 -1.45704076346267 -0.44066578052790417
-0.04869663036615646 0.6605528221184329 1.4862346158008597
-0.2786449146537544 -1.1343788437560764 0.005795534609324804
-0.35364284905502674 0.7801238472468652 0.8993270534262905
-0.2286572191198326 -0.5081020107035157 1.6070215156502954
0.08850958054366442 1.189780356831231 0.36930136815885595
-0.5425651056820309 -0.8258347478260871 0.6705762063927039
-0.035919290847954644 -0.18474843667194607 -1.581864840333524
0.031531289660504 -1.3461955848379308 -0.8238528543060641
-0.8596884657140274 0.4324766481476443 -0.6482505588682548
-0.15573999567640806 0.4268993053485446 1.37278629433413
0.019245334382018697 -1.2146285600678937 0.1515416638547653
0.04859666046650846 0.05862874431593901 -1.096862497752948
-0.595192406344264 -0.5299062611408824 -1.319027544664519
-0.37647093706883394 1.3603152337211935 0.2142721952183
0.36974242384542766 0.9834791885938925 -0.4575380482772231
0.9736687044176744 -0.03218279321273276 0.3096799478660417
-0.34658991579576304 0.17832982133665043 1.674598248113448
0.13865361957129863 -0.18482708920097135 1.725217993930774
0.10884137608388578 0.15845646747479458 1.532909566506322
-0.17520759949464293 0.667862415924156 1.2995571934125967
0.41992024836409647 0.26237809253391253 1.2173375386783025
0.07809697389173587 0.23457799758053377 -1.1225767920889282
-0.8093613614473478 0.7378223116705684 0.25804529220287575
0.6753118640486571 0.9873377178170903 -0.36491046696407725
0.41578917612085187 0.29255122030412917 0.9317362423283218
0.1932088823317415 0.7467609867203744 0.9421851068333562
0.22046307647122854 0.4661953337951614 -1.019516023246724
0.2723084486119498 0.087752475490122 0.6822570378635406
-0.31977910073942306 -0.9739891970943476 -0.7154862460493208
0.05087462676029775 -1.383374732002927 -0.3234730316352801
0.39139603621467045 -0.12134815511013697 0.6026361905522553
-0.23590265130645216 0.07482035925799058 0.33667730824879527
-0.15920180139567086 0.2515060567985059 1.5680911812645957
0.859422974764444 -0.09666705075489945 -0.9357733113436479
-0.2650795473599932 0.2089884221040239 1.1448519578081977
0.47118948883216727 -1.289513078813238 0.01132973252831615
-0.2728641843889723 -1.0274264795367327 0.6077683813338539
-0.17930038160326323 -0.0263023315179014 -1.3379799021528296
0.16467752317495687 -0.4529511035593714 -0.7615830307807929
-0.17272342814318975 1.313466429101775 -0.6898154797773173
0.6611584690688652 -1.1243662220869952 -0.04818602392830185
-0.0015372832105891021 0.6453916880905859 -0.007428073947215452
0.08545452570645273 0.9390741092355528 -0.8915615754321164
0.40010996312491987 -0.9021596360015309 -1.3484242654830099
-0.3340670685374061 -0.8916304960488466 1.0074179640696523
-0.3491596179226142 0.3468194589844158 -0.8090978940926639
-0.9219113370869016 -0.3677965484272536 0.050857625893061975
0.5894945831029306 1.170085645278606 0.38119700759504793
-0.12890300448358083 -0.024947355686850248 1.6091669755067937
-0.21729966245974874 -0.8230040898630792 1.1976043308412536
0.3271281702561919 0.7102260081805678 0.5818013872229355
0.44234204180655157 -0.19245419336313518 -0.1674185518802438
-0.4253008082456351 -0.46945557585881703 0.5171682415667962
0.03956425331004465 0.19213125176873458 -1.5494443868963659
-0.06099462161449787 -0.7302881719970624 0.9561687357508917
0.8338412399994624 0.16524632730107847 -0.9919815753662071
-0.6473103297730154 -0.28566570998984586 -0.1762333052394509
0.06633828811278586 -0.796462316453819 -1.6139658546671458
0.2145373504785677 -1.0144777637369935 -0.9066612070039866
0.5584725877118033 -0.396573056686089 1.3829605183263487
0.009804241263333013 0.8688489147714824 -0.1246085560798238
-0.1758994679576591 0.753567955464975 -1.451172083482108
0.16793318126167422 -0.06867099509938179 1.2788429735669595
0.2943779484479536 0.22261881569079733 0.8615500714017541
0.37526405998839385 0.9408947081722814 -0.6806915079065674
-0.3296068915073582 -0.31139417862806384 0.7419655374383858
-0.29603321087243684 -1.2272597515206511 0.6140709401143813
-0.24793251853176712 0.20360529569835473 1.7476506087361754
-0.16854006801181343 -0.1733400647863268 -1.349171683236404
0.36003849986114345 0.9553105064993606 0.6821740592441219
-0.6482028834517339 0.30398715254874586 0.49951937182051065
0.10398139099323522 0.1891096235841805 -1.346278788262485
0.5462073228438276 -0.5927570868232366 -1.0347818445042356
-0.534290749852216 -0.2064032019187374 0.04243982086163145
0.8961291030970593 -0.22099137203658836 -0.1493043454769989
-0.464028089670127 -0.9314869842065739 -0.6773355154681178
-0.5645717734650169 -1.11183210664511 -0.016445602102442614
0.31058544182553427 -0.05420122795669635 -0.8739289722587169
0.5512904633488493 -1.144959003636035 0.21033640411325427
-0.5217162109328877 0.4428824165515701 0.4156722251807725
-0.511212168131908 0.15645080426918234 0.5967207746601142
-0.15976031576374172 0.9214624244339209 -0.20361477038685738
0.5496923397020503 -0.512573458109609 1.4450065760196984
-0.6712769473306976 -0.27784707152853905 -0.0001989199710004108
0.4031015560543654 0.5849841726095422 -1.0019038463604022
0.4061345090494244 0.09200251647871083 -1.6789223543048166
0.08846264836456896 0.96108812151805 0.2019312734377845
-0.43126791316069313 0.279143517805545 -1.179890784015177
0.24404022335843933 0.37393788387353166 0.06666102981027411
-0.23014245528941224 -1.0470458916418226 -0.035771573915392096
-0.11890904010346892 -0.0885737070222905 0.06531822322596037
0.15782291589150343 -0.5854090340706134 1.3115828480984044
0.10122882284925638 0.7718030236192908 0.4587837641004775
0.3194694983360913 0.11651160465525967 -1.0243043269794212
0.6421225745573675 0.23285542759445454 -0.95244324394106
0.6545838465392035 0.02299765359561201 0.42759667293217873
-0.775806137384202 0.6274210095576565 0.7538519384736642
0.15398791023276992 0.35186452783831723 0.9898794526848231
-0.4632727655220803 -0.321985081257232 0.7218969279923395
0.7269315256149775 0.1761874907212948 -1.104033198892858
0.13699890107849377 1.017138547623618 -0.18550675566789865
0.6279793341499711 -0.2573441289029035 0.17046785637570805
0.7497713815332037 0.6596133562427573 -0.17086367461241192
-0.1482088960929986 0.5890585852054144 -1.0507832364528356
-0.6938244656892036 -0.9734687601707829 -0.0302482656226859
0.6631168065657234 0.031974738039628026 1.358552931609644
0.005146051880080105 0.14523924936015087 -1.7474391887219607
-0.22487426713542935 -1.2961924637115838 0.3935593737605094
-0.6306315342979711 -0.4501175324822191 -0.5165727529952036
-0.02856662760099571 -0.9179001770533998 1.285298686887629
-0.011152670030930567 -0.29159648722976583 -1.4670322470767156
0.3567538681639535 0.3568566044813455 -0.4414961241220148
0.1508595217252895 -0.9321256246654984 1.2704268697934529
0.5715264272327112 -0.23633973085826776 0.7865372855007537
-0.8632058447256061 0.3220605484711021 -0.754026639501681
0.2923333452074883 -0.7652624929144299 -0.4381574462856337
0.11167745012731256 -0.45402537359264294 -1.0399790899104264
0.42220368612619286 0.36261058420426284 0.21707508972986433
-0.5809011564172537 0.12770123260275357 0.9108398159166406
-0.5959359979352632 0.2457153871681672 -0.013229162091472624
-0.9285188362192065 0.11389847125198926 -0.2650913247042226
-0.006797120266938794 0.23480574784832475 0.9194736630533491
-0.8650520152247427 -0.19396853194284214 -0.375184819120014
-0.029350634801576625 -0.4916827667084709 1.7683022700694173
-0.324613281081912 0.38296801679051873 -0.9059775673191899
0.5545982478053328 0.3528157766289812 1.4021660969744771
0.38830085147666416 -1.1530237613346084 -0.07139406015917826
0.4427631769472571 0.12918972596656908 -0.08804322492353789
0.11631247997197236 0.05135840924018931 1.5693418266813124
-0.5542950713178152 0.40172016248702236 0.6844388857781412
0.675798073592311 -0.2853607990406406 0.7613638903174573
-0.02682023471097983 0.30709957431211476 -1.536012204787875
-0.8458240467491678 -0.5198164897333225 -0.7531766756712965
-0.3458497831492997 0.6847671774209809 0.20423885620199078
-0.005229375678534209 0.5780685852208882 -0.5362800017400882
0.19906899857517035 -0.7228432665597693 1.6379105922937272
0.571604207567036 -0.26198503323136535 1.3200114119671684
0.18664870840158043 -0.32125791969422757 1.1429332588706225
-0.13007444370009535 -1.267724798549887 0.41328463191520726
0.47621390689779064 -0.7551167628274975 -0.8650558709990528
0.1708401664324628 1.2076365657252093 -0.5587507140092471
-0.5115954981993693 -0.7307325568647746 -0.4443819221979268
-0.7009598151454857 -0.8878047541938737 -0.5007426184954484
-0.4445707108088639 0.21908119826130856 0.3786803599897457
0.16270053001595342 0.8121391300637342 -0.6177183663018866
-0.6175743040779673 -0.5224552823969233 -0.3130766065435724
-0.26385419408293576 0.5494836822985634 1.71790041240537
-0.22336221906225107 0.3757718051495482 -0.7955100142209419
0.013569083247668257 0.4438870331623681 -1.569199366313685
0.7442458759136428 0.903380236980996 -0.12546236745270356
0.41971656857987405 -0.13296552559969954 1.2551023572416065
0.4641643296307849 -0.6267180341583726 -0.8725281938643588
-0.645288253547436 -0.206669921363817 0.8956847143428965
0.667553335708476 -0.026629464738626485 0.5738061018552583
0.0847742815333632 1.0052671173901029 1.445318089027849
0.43655904221261976 0.8209372547098694 -0.6810231522249066
-0.24914250482325628 -0.7709497602043204 0.30820929231473704
-0.12861507965441454 -0.633962025965369 1.4695875968598675
0.6889831582812505 0.11828147581144322 -0.52225948372039
-0.5239152414712684 -0.5535326991223052 1.2655543350353864
0.010403347616934955 0.1790822252740769 -0.9667096071480592
0.7059062224388399 -0.431366202007198 1.1877734685183197
-0.04328438875925489 -1.0639467945163426 -0.8161903246840829
-0.3211426306480947 -0.7361046014265383 -0.49884553848316626
-0.445020372968731 0.7931956149211672 0.6923649917292134
-0.37577111967482435 0.2089366175795644 0.5811661547271498
-0.33274351704188665 0.10933533073272628 1.475970738803734
-0.16984162065348385 0.5858850733192469 -1.3002052556949208
