-0.6680166205340756 -0.7821283506214243 -1.0429269850302623
0.3094686390375889 -1.2467879695952255 0.7750865716504052
0.1579117480740786 1.1996939263303714 1.1435011210522101
-0.2269220233013467 0.36825688762953246 -0.05383355556991187
0.757284218950663 0.913565947784357 0.3076156000711179
-0.016114869408335952 -0.08030251633284502 0.1890370157515826
-0.6229752498452295 -0.4476375479314232 -0.49292030006687204
0.9411615712644759 -0.2502144720378039 0.3295408807055269
-0.0072477865199906955 -1.123304329655015 0.1335337543984325
0.4303118485166151 -0.1598100615858582 0.6605748988133446
-0.6777040808764772 -0.3989291627327227 -0.006577970343995876
-0.16798869640926783 0.038680280499562514 0.7034315044287403
0.010991290710028023 -0.11330153576240898 -1.7422167236736366
0.6252320142960082 0.7980609204761491 0.1107679255563232
-0.12867849849849988 -0.5647275168876825 1.448861695116725
-0.1506698731741205 -1.1123086523139079 -0.12801597766810735
-0.23810443745161058 -1.1532093133876427 0.11519418680952498
0.7520889157004989 -0.4535034612601896 -0.3663206406739059
0.30969273741866443 -1.2189559859860901 0.6099517563927233
0.126759686156662 -1.4730379492169647 0.08873866199208758
0.1931977232259059 0.6105894887873875 -0.6104881309643106
-0.2604838620843022 -0.01524024425699011 0.37568641437302297
0.42282026662889916 0.49753136073647397 -1.5528914460145176
0.7156162206539554 0.8916818683951928 -0.023258526135118363
-0.5900104171098779 0.3551646495561087 0.8836851808449695
-0.9746301823717014 0.20948878384211067 0.324009368509671
0.018092936874586574 1.3318529953227847 -0.510590042631601
0.47140407154878883 -0.1327249084483455 -0.9591869157355313
-0.45846497592399515 0.4826680061509627 -0.8843564454813819
0.37720138277690407 -0.9093077943787355 -1.187786443115182
0.4587789874306265 -0.6917179507982729 -0.8605460981530286
0.26824407991279475 -0.7108533190217201 1.0514080938945196
-0.07822713297770867 -0.015431156325841133 -0.003667614863901214
0.7570488084494673 -0.47358484376491505 0.12906419664981295
-0.02393665650434551 0.698793407714962 -1.1014707937914752
0.20862892787846676 0.5929574244866975 0.520631083360322
0.17391638395940245 1.1639489244137948 -0.07223054803696716
-0.36976727127092945 0.41482762103229365 1.3916100825439526
0.09420240879015918 0.001014587930078914 0.6899922358645143
0.7831273553250595 -0.5461199042336258 -0.7166156339544227
-0.8099964652382659 0.7573635059323989 0.3963536134019061
-0.47997189201301693 0.195740905965351 1.4331305083988308
-0.19385011497331806 0.5244370296735799 -0.28397569302818937
0.3604003407782683 -0.5910295948902856 -1.5035380152372966
-0.547521757770441 -0.17942814210634772 -1.21681471076184
-0.5421182877767754 1.1857459064877207 -0.06327862164991549
-0.9832613522750369 -0.07047890937737478 -0.2981251373922018
0.0933629882895286 0.24022273444297682 1.3735800656010833
0.100633762349428 0.5093376236693334 -0.12752086800299933
-0.0025636847749510583 0.8058216020649152 0.25720680477212676
0.0898635447144529 -0.47362001326623027 -0.3402599027210109
0.5814031586300987 0.6092684465450455 0.11173531026181927
-0.343898251994893 1.040122527040836 -0.2734721469722188
0.44500463636571763 0.7228733809013108 -1.0312870644101215
-0.7414081805781036 -0.37781132701782605 -0.3650706639031549
0.4814463933087192 0.5356610956260566 -0.6643118453377967
0.07874451247889391 0.5875225861528315 -0.11627243713527147
0.2991480766578718 -1.3150873907628953 -0.3250165423605367
0.2757702266374529 0.9574491747131075 1.1512676277252565
-0.3545023366390514 -1.0278301262996623 0.9346931657150992
0.8102258490124299 0.042215387972447616 0.9122923485386116
-0.05818089363529322 -1.0904264141331201 0.07497171700320271
-0.4648162150093367 0.6947841283051828 -1.2844333631042026
-0.21294824978142812 0.9415949725222319 -0.036155207789917654
0.46989565004319633 0.9489222866756402 -0.4397185360974678
0.4428838263783259 -0.9300392816931478 -0.6728330800289486
0.354977988634976 -0.9751530862103058 0.9886162936907308
-0.027155221716958167 0.14726513616465065 -0.04085469576408318
-0.0030246431998204315 -0.5318488770948855 -1.3945589488414596
-0.3038938974806993 -0.7996323490433782 0.8547538566506128
0.42356183238021616 1.1850854343192312 0.751189620950274
0.27619113042133825 0.8208316331870451 0.9786729323855479
-0.4214658129170241 0.41758827969040313 1.406647290875482
-0.3315042371253021 -0.992027283764552 -0.10880848670515597
0.12160643003991556 1.4281200515444818 -0.3389503568577479
-0.3667780728332606 0.5588421213316699 0.2520179235784501
0.01341165372093589 0.35846866784476483 0.1838448119397782
0.7350936561967107 -0.2997174794301407 0.7336518536592025
-0.5470027046345896 -0.349729123359086 -0.6780595050117095
0.026778285365965715 1.1205333300356508 0.41161956879415085
0.44770308272889237 -0.8500591515002759 -0.5061221312515567
-0.19199402918939823 1.231422837952735 0.6916267166323795
0.20357472163780632 -0.312106799368717 -1.7817873378332534
-0.12927747267831813 -0.0026698256081649774 -1.9665452787564468
0.2146556522674592 -0.19159954932514855 1.8609514603234558
0.0014455588448605283 -0.69676330965756 0.653620165217931
0.1255322559743972 -0.8923599433144624 0.42921979580751835
-0.33002129407342484 -0.9003720507189885 -1.1594595676213522
-0.3217272451583053 -0.1374823923621864 -0.22649505704979722
-0.47184172482784925 0.5033883851295133 0.3210370806198677
0.5531403266628128 0.43139851232207294 1.340617253151136
-0.22450795954489977 0.16677258353674462 0.2641697942408894
0.6845535175392696 -0.47928068314613603 1.0077004821850073
0.24992327627918254 0.4062089500144901 -0.445913660936351
0.7745988374880348 -0.14248208513041094 -1.13665746494115
-0.3598113717150673 0.6261579018177152 1.2808219939957044
-0.1042881905820896 -0.3232599055733161 -0.13845682813729532
0.6044652734679197 -0.30080508556010876 1.3395438886487727
0.6527821957127313 0.5908873718274026 1.176444000996904
0.2462290438147834 0.8037241138008122 1.3873453896824666
0.36587401475297976 -0.5471770440975514 -0.07113682625725515
-0.22718902591319612 1.0540140372911688 -0.26737242362033653
-0.7014043055485935 -0.5937408055492941 -0.9088237984526626
-0.1534707979327059 0.22042476881214856 -0.5347734826879833
0.7515320029732471 0.1552549065452089 0.22623786145445024
-0.06683940258037624 -1.1798803920079401 -0.7462874700589945
0.09657086687379679 -0.39917764646535203 0.10675511189849995
0.049764085337058006 0.5979165399014077 1.5921726422046856
0.25729353775819086 -0.9796189634073531 1.2251718061820678
0.11424978204489644 0.7426970729877391 1.0959119783568694
0.8970247212543803 -0.4979558617284474 -0.5310062167407295
-0.3574303713591511 -1.103716850288718 -0.9332410995582756
-0.20948501350974968 -1.1206216802843492 0.4700461665415676
0.4502994270931362 0.7777221944358104 -0.8116658273658865
-0.23889331313740558 0.4121082902981925 -1.5139485092263123
-0.1643459836761092 -0.7556674206363322 -0.46314804387282216
0.0589701451332485 0.9470204411076404 -0.22699559562266192
0.6033969206427501 -0.13612399082450333 0.7790389690797301
-0.08334584062183459 0.44755883278358355 0.9345097406067255
-0.7697222749917216 -0.32886249860117545 0.29235346409881213
0.5616557308274561 0.3594253945829853 -1.189462211584977
-0.2384517729667699 0.6809308112951147 -0.33265029210585784
-0.5047795083201287 -0.2181501530182759 0.6420990309061416
-0.16270503307247064 -1.16974326538732 -0.007349265626029666
-0.7560953860475585 0.14897344571988813 -0.09916378769085821
-0.42828004169865475 -0.4120472134158115 -0.466307199600998
0.251288829989186 0.29221949522655555 -0.19119925923207415
-0.2672690727792135 -0.35569932185746134 -1.3480949519370968
