0.44423561513310195 -1.117354933349354 -0.27886292132718316
0.819245736011988 -0.428659490866625 0.7858752674860852
-0.5070022376478307 -0.3732988480672743 -1.5354503249703768
0.1973077608656859 0.0008530277837033307 -1.4564930425276308
-0.6319380202884153 0.2350523784463432 -0.5818915908818396
0.07591488110878242 1.12167058482017 -0.3103205622611904
-0.008449081597531993 -0.2098813129502597 1.2810670285985544
-0.026252783112724387 1.0209339197572889 -0.7041835724401233
-0.7358387902755166 0.1915632289490008 1.2432255167228283
0.4045885883898863 0.29723335256748173 -1.638991439107373
0.5424208660864593 0.36364757743002496 0.2234866899940986
-0.3697299317071703 -0.62065525400493 0.3253745708332372
0.6537657252098905 0.54247871363276 -0.25281863742452204
0.8479640415916412 -0.06948946449279214 0.4380878448306049
0.20438335456410117 1.1264718140593315 -0.8394529276608442
0.889760491134731 0.2072845401863388 0.7476740073367858
-0.2796025386044314 -0.6160426390324503 0.891868879284798
0.790680780566686 -0.08580883925052696 0.384321396014764
-0.1726793215981759 -0.5461077876540711 0.6973801428163808
0.5358351954858036 0.6339759749071665 -0.6487282920884465
-0.4860482309454337 -0.5115814870181744 0.6571199510610417
0.6350795508364333 -0.7032252210203247 0.9881018075612062
0.32160740149050393 0.06356625998478638 -0.3574238326927932
-0.45492267677148823 -0.22365181132250056 -1.5795940468602643
-0.10779300174315565 -1.1988392697395711 0.1652009384027311
0.39130102799095345 0.0790393153751352 0.33206191498059967
-0.20374682457076854 0.04609488997379141 1.9072577603199599
-0.7942620824121227 0.24715498969047855 -0.6276206168699656
0.04099313297912777 0.9047029640317366 0.3962230594800231
-0.4865185873470341 -0.7465427792976423 0.9207821473873086
-0.727191227070906 0.49315099934191675 -0.6750646803103577
-0.6073442371901223 0.18148873209882654 -0.4169098616199993
0.47670427314130026 -0.8050987689990468 -1.1048912181574888
0.8324765663767859 0.04316371118894313 -0.6700475194025839
0.1207831073222072 -0.1614898687246411 1.091426504048095
0.37617114722844547 -0.37876785137085145 -1.346819565953235
-0.581687239171113 1.0344612797199972 -0.5193999878447291
-0.5996637783671304 0.10289290144543006 -0.6693060989926947
-0.6122497895002039 0.9915058777084726 -0.41583570888671906
-0.45446253869527364 -0.29138924218558904 -0.9864463333544022
-0.5428460795708634 -0.23313855426626318 1.4301695260435334
0.3509107209862645 -0.16283436799497508 -0.4279586722208353
0.01210460697876714 0.944979436513675 -0.47528869911387517
0.4164766005341982 0.329355870060569 0.16248703985290147
0.35687007540670934 1.301018719918075 0.5999149558355974
-0.5473967287958077 -1.1630979122611786 0.014128538491295028
-0.4472170681475671 0.899587729706973 0.9885969660521079
-0.4781344487468975 1.2282177066207183 0.3998255333291558
-0.17262097817358213 -0.1758895252457675 -0.5284149318964189
0.36743292106273695 1.1407973288500415 -0.9998486313154613
0.14748609744759622 0.25867499133574134 0.8772077304995642
-0.1492303565890465 -0.6168834717751802 -0.961261981335741
0.856344681318054 0.03534570261180314 -0.3685583678253006
0.5391648649216298 -0.26392945977589477 -0.9311600005560039
0.24288797911921534 0.38670660363474996 1.5988742915879075
-0.7192093318687576 0.5082128556998669 1.1682416213692042
-0.134822136691229 1.331930081594213 0.22807512484709402
-0.11337124269881471 -1.3671494617708033 0.5767346448484938
-0.13620982904625323 0.9411806435657253 -1.1633803098542392
0.15866290716984932 -0.2814277364725737 1.2557338491668504
-0.22196117013599248 -0.024937974257795315 1.2472757615198757
0.4978533351304546 0.3135302645006137 -1.3496349216115653
-0.5247098769517837 0.6884033270645835 0.9659424878424465
-0.13178122826505612 -1.1388505894087186 -0.48198215751120044
-0.7885985145056491 0.7652921476688941 0.4291714979636714
0.16579783022977845 0.8517973187399868 0.7285955930102803
-0.5460600622308971 -0.4334236195096759 -0.008482270648964008
0.4506329586839364 0.7668621328710765 -1.3777493774064973
0.7107064709254689 0.2580351102103404 0.45573843801191183
-0.4152995235597936 -1.059154692810292 -1.0360038768578885
0.14698332898709254 0.19711663808808844 1.6086239739514467
-0.644977100358243 -0.23389146135987993 -0.9225252995879263
0.4990527241856604 0.5761156822434419 0.11196409891551085
-0.5911339397742437 0.13730272838608393 -1.394564328143502
0.12372592246947156 -1.0255090864711867 0.16763777542807512
-0.32146497886499104 -0.6397297534676958 0.16340981067207272
0.1892723568746637 -0.13895955985093789 0.847571327205578
-0.6143111407090551 -1.0570587941133274 0.13395732477498923
-0.5559630466341794 0.4282859776252357 0.23314347223720544
0.021563148192488057 -0.9263225856593856 1.0925823685735252
-0.38437741242708623 0.0677642369249658 1.5381737808179312
-0.02320117346152739 1.173317265175863 0.10849015903272763
0.8284214860908623 -0.19960770285160123 -0.4160390151910236
-0.8803543245797771 -0.22801014470693381 -0.5047320987875561
-0.574943479706477 0.42091156642880967 -1.4583381775953201
0.6780566923456015 -0.21691197219409752 0.38641509126967
-0.1121412249721887 -0.012797706708127521 -0.07615488250962255
-0.9029757173721442 -0.20824901894438774 0.5175583884568584
0.5591899048266846 0.9108055978014953 -0.35652592640462455
-0.03468897446873642 -0.46281036414942855 1.5024262161958495
-0.23014805276277617 0.24361380724060888 -1.7434636893495705
0.13768177219701805 -0.5291744151330247 1.5041693679627448
0.016768038641054472 -1.2481073467574935 0.19467808556438726
0.7005503846082664 0.35255742101314347 0.4060608479177228
-0.6965535118882664 -0.38234919034489856 -1.191397895373822
0.4813550179044488 1.2497953847855134 0.37163680238468544
-0.030418270299862327 1.062656060033472 0.6274087119540934
0.51342166738342 0.25337239671620626 -0.8513424545584698
0.31325211998297475 -0.7380234148764078 0.05166430011139811
0.021423091165975627 -0.5811461282584379 -1.0558383843259294
-0.6392793748494547 -0.7952234565906086 1.044266331953652
0.10365760288730486 0.36357500553751354 -0.6624556732861109
-0.8489827874021028 0.5291092496747303 0.4855954535715661
-0.42531997347042383 -0.2619220777852398 0.41760144195794036
0.14570598504547005 -0.8522336928526166 1.275098086880639
0.4868188256052448 -0.8754230418752676 1.260857635701497
0.8872778359102291 0.027930582537349036 0.4362920824672005
0.4876187858738552 0.2263098050432657 0.020108331289225845
0.10573560902132328 -0.5644141645993136 -0.5695142290967579
0.3754634684824645 1.048919669483408 -0.48946533079267684
-0.7419749067883468 -0.41193950248225586 0.6569645840008818
0.2837663062602138 -0.3317912318162719 -0.8411361149120027
0.12335057256080173 0.9176642159392987 0.12986274146921284
-0.16354774735055222 0.7116719097209252 -0.6377218918095013
0.24904784582753114 -1.170140896342894 0.5149917902080068
-0.8837273218350976 -0.5259789840829304 0.5350041317824217
-0.037615382964939936 0.023304854315648882 -0.650870085329279
0.0194250786032375 1.0122429879396249 1.0812439827772593
0.16024680106100364 0.42636307972712406 -1.4487257262779982
0.9166513956311495 0.352696587303039 -0.19484817400779653
0.2901176724681698 0.5239932387941164 -0.44481788575684744
-0.5004809623397095 -0.3553088621960838 1.237909917045025
-0.06130452072261661 0.80070922768678 0.9799723654732109
-0.5365298927098192 0.2239085144534232 1.5461803349555794
-0.5524108965697747 0.6785436515810432 0.8547179689402062
0.548685261816614 -0.46523699424207887 0.9889127454656541
0.3400023751853787 0.8489388110282237 -1.353402846881624
-0.059024022365805395 -0.9086748988487406 0.8897594101494284
-0.38094665183396437 0.3984030878849618 1.3983230973083178
-0.2141310525186999 -0.18491536042696732 -0.9420707123790546
0.4159093495345989 1.1305778837929799 -0.5478876004308404
0.3010171863366775 -0.45803444706776175 0.0631904154147529
-0.3585561600808893 1.2009645046375361 0.6307249328254736
-0.22059228329696623 1.0434957746864288 0.7117184654009545
-0.09733982257774931 0.8467726666007103 0.8987089198699452
-0.34577590846981443 -0.1274774613764338 0.5177737235882569
-0.5188751441851613 0.421936637553328 0.6945620995930133
0.6522548753063002 0.14068477552069658 0.19337002055810526
-0.18217283146294672 0.1855167264043951 -1.6261639312649874
-0.2512299184609521 -0.9120593497475933 1.4323644085467073
-0.09720795934625315 -0.8613549451610654 0.8262017563017712
0.3827361639430922 0.4284165933659667 -1.5329556174870627
0.4324324662560277 0.6396322698367278 -0.6265156489255417
-0.06233448543552189 0.05602183580883224 1.8508220738526058
-0.3690840569826035 -0.28231140618786066 0.9332467353635532
-0.0916869439976693 -1.2231888379497495 0.5918929267252615
0.37339886170312675 0.24906284717745808 1.242150578646013
0.9130814761719479 0.5481711561916152 -0.021968513043400417
0.6333301762049846 -0.3176271575375367 -1.1661953745701261
-0.2525552303043237 -1.3569659176512765 -0.5104817575180807
0.47875096221235824 0.5911389433438168 0.11734272772704957
0.5270755099055482 0.19891361185050327 0.199198427473394
-0.6074708260426656 -0.034906253928708386 1.2109692072392084
-0.026135358803460962 -0.5289138447957702 1.7149508933135236
-0.055510453382072944 -0.2562401681670501 1.0650156916293234
0.22803976589290986 -0.28027934718381653 -0.21378034338430751
-0.2194300510930809 -0.06684562030768482 -0.5316707910895779
0.5013985432458632 -0.09863894250069949 -0.42772151011994675
-0.03427358285743165 0.6533585102534083 -1.5754557790955164
0.029591383184336184 -0.24012061621108982 0.45104854835553665
0.3136176263476793 0.6859393871386845 0.7002148485129771
0.3284488293017276 -0.35740695437942316 -0.6950295137099243
0.09803063518235278 0.24927137108794328 0.7104511893825136
-0.363687351796383 0.9502812016483753 -1.1597291556144826
0.18873018748053094 -1.2031405583862975 0.6826352617635334
-0.6367556125484883 0.7007706883957416 -0.7292810632787492
0.743743411388841 0.8495637876449829 0.6447877847960486
-0.08679149181448964 -0.543963146034048 -0.0688439877876661
-0.3849149535036305 -1.1271724998670976 -0.6488065312913127
-0.648293721854567 0.7405456909148027 -0.8351202226729497
-0.8598532903850546 0.29231252339896363 -0.9067667994672117
0.8095148082937327 -0.8405094792785801 -0.12579695628545995
0.2930437380440163 -0.8551366335518185 1.1176025338931255
0.43897285414517007 0.8439491481926202 -0.6478124844477042
-0.641698517915029 0.1527562357173633 0.008407512497919267
0.7706601389282992 0.08548642482434698 0.6623937725191946
-0.35802143914071016 0.38938661513212836 0.7522709085215884
0.5592740712190745 0.15664394200455045 0.8484608453260036
0.1263358239871828 0.12832608683531355 -1.312939075259698
0.07664441180309933 0.49494991064697924 1.5635360587007874
0.572360338234235 -0.40205468391991195 1.301895836021385
0.43583147790770727 -0.2816025841627412 1.5827966270546536
0.13746341371801818 -0.49093101988393784 -1.7305643624842064
-0.07644970680364382 -0.468954113820208 1.6310663502050704
-0.4707055735388841 -0.6255348632868495 -0.40423217571272607
0.049849079428592846 0.9727758791445962 0.17006878712917395
-0.40934623431711925 1.1352993062313832 -0.5522230626235296
0.2585738922411487 0.8175133909218788 -1.1255460848765018
0.31120635021324716 0.38535826294475983 -1.0396823626582972
-0.3548188378142889 0.33290868315337896 1.7540858263473318
-0.39192212400879667 -0.957829312350419 -0.9091142207175107
-0.27757085161812745 0.8689974084577834 -0.862730462210783
0.3299516717104152 -0.3181321920103959 -1.5868050821680715
0.11745161857111541 -0.4023498884167438 1.9042015162512675
-0.2632783618666503 0.6448805025542255 0.9451488859233508
-0.4645612153831269 -0.3734011209908852 1.2239546075264447
0.37778349144871437 -0.7215370333813204 0.8308865691587703
-0.36272300993788575 0.9635282102545739 -1.0610752037974356
-1.1317574321267898e-05 0.02324259926987171 1.2328386878723276
0.35587187764559447 -1.1780617849253707 0.072226896936884
-0.6932893751721918 0.9421494351754411 -0.6109034564178955
0.4610352372294879 -0.3294262775126615 1.5721584745166055
0.11348561918612843 0.19645287592439908 0.04328665354641004
-0.2394773649613391 0.41479195057387463 -0.2804139120444131
-0.5262146960452747 -0.48839492350314373 0.27527651817021104
-0.15999848539549677 -1.1798227450138297 -0.19529929288242043
-0.5890024527761506 0.9221241127165065 0.6274974438762682
0.59252705728014 -0.06073915355423187 0.9830052304925356
0.3432249359722017 -1.311162992153824 0.6191762872116646
0.025967417032217055 -0.05067384170798794 1.1734410385083174
0.2899585514233223 -0.6639015476057947 0.7560426026410609
-0.03407268439563671 -0.5191679540174505 -1.79590279269063
0.009633661120330705 -0.640087096259071 -0.7300533357447088
-0.427727701635495 0.6416446333533048 -1.254215429679879
-0.5364121415493832 -0.5678510713102133 1.496137507871031
-0.4233404725636003 -0.6536436145525335 1.262990066431649
-0.4820762658247033 1.1434232666487238 0.6575070139499677
0.038992133154333475 0.928469329093307 0.2614099103280796
0.03807891225639026 0.5451988335333016 -0.29625374730449217
0.4406860842015752 0.6007589184744742 0.5270819394820787
-0.20306823466194035 -0.13219177178821528 1.3189907883776617
-0.4513985017380362 0.5542354473914601 -0.7296677588119893
-0.225494519487762 0.36554668577000693 0.681779313907021
-0.6787590816418478 -0.16261429463242982 0.014741902189066458
-0.13599274171924125 0.23181502922135566 -0.8677596876616653
-0.11285361144638717 -0.4087794473143429 1.509457785698057
0.02532943019942424 0.007127778786772732 1.6967960348477034
0.12710069880311048 0.927322952654507 1.0176515796891934
-0.7103934903838434 -0.10558755677788945 0.24348212473261954
0.032376498769677964 -0.19973091966492906 1.0417355674866284
-0.2778616404945584 1.3062942267276751 0.6005632787964164
0.06453576696924346 -0.07811800956416048 1.7994627319419139
0.4538197650701232 -0.6238361524768371 0.4951598118461509
-0.21996961334809817 0.8674309621457033 1.1077233372551993
-0.7261784546216654 -0.7072854828284502 0.19331407646242438
0.4921919796315253 0.5352411184777579 0.08269321931494877
0.6742813187483849 0.661482892532474 0.4563903067058117
-0.49335366889256793 -0.3936548460909206 -0.01913765931827216
-0.520376106437511 0.8860509408370527 0.018034208287348807
-0.9139238696035281 0.025980954280518942 -0.6264390742097943
-0.10953534563733514 0.09027940483355623 -0.43354933368893844
-0.5354690781821743 0.5962538394341457 -1.1819971722687619
-0.7441692975722052 -0.24447900547330148 1.1776332713183075
-0.2516019764209323 -0.3403351077598815 0.5954038471749485
0.1611475259549784 -0.9487222633629513 -0.4968192145433523
-0.6429998558491015 0.3334415144078393 -0.8671063587066286
-0.8879488583099886 0.20980127765494205 -0.7055409518942604
0.18682217933131162 -0.7744068885022859 -1.2761864673314465
-0.4400398640329135 0.2155752132039428 -1.4280279445641537
-0.06291484588725771 1.424994699758959 -0.1217636708186216
0.07914300198188795 0.5449729605049765 -0.1707546475356967
-0.41506477296523747 0.1556316742986461 1.6745970934657524
0.32367772977001175 1.1744500482183597 -0.0208585489489983
0.2383306158153049 -0.5045933044338708 1.697630682177862
-0.37068373053549086 -0.9487798804968852 1.1794657048518173
0.03829591975689661 -0.8866098624866353 1.1943401386746695
-0.13597769977824492 -0.5250373143944248 -0.6453143068287788
-0.00226651684843171 -0.2815244723469792 -0.4679912492701148
-0.6946958883914218 -0.7745058028339793 -0.23129497055832848
0.8549656006085902 -0.24306075202374977 0.04407585080929799
-0.3918134721459603 1.0334334446410929 -0.23490811707117532
-0.31172489379429025 0.6634780529504982 -1.4535556678046566
0.1281218117143732 -1.1598615667090704 -0.006590757320649843
0.6646505727415242 0.2811842106175555 -0.8709253885087223
0.08565140556439399 -0.45129303300001067 -1.643169724675709
-0.29157124840522064 0.09710839983642083 -0.1107399916055507
-0.6751444707821124 -0.08236937186139048 0.09723975154842357
-0.45734579411402176 0.09160244541133089 -1.4906863900869571
0.2657193502468487 -0.34052771884282196 -1.479003860868588
-0.17689706872519517 1.049148611738385 -0.38704640462180295
0.24531720801791934 0.661747464360213 -0.8705729523656127
-0.2997938015788728 0.5696809820596824 -1.15576860372459
-0.14937450059778867 0.7380166420356957 -0.8759885190964796
0.14801488056357726 1.1740090469379392 0.07339373593690457
-0.4838508391326495 -0.41710149654086415 1.0259323839996966
-0.1043284883931388 0.3524406401564033 -0.35244568123489284
0.06891454723684243 -0.5234720349013602 1.3135871294433308
0.4763994147966981 0.7439232777055156 1.0269746543919624
0.4075332621395813 1.3268987133426333 -0.24980988356393485
0.5743256832755812 -0.5819917307751636 1.2780628333484132
-0.19209937298462632 -0.7778463591835046 -1.508228398742132
-0.2497723546116215 0.6112579967766836 -1.4390931734532142
0.7077529050180591 0.04477994718178424 0.09882396867639498
-0.4411498530442972 0.6940970672145186 0.716967818148214
0.8704660846899397 0.23096416802396602 -0.8592623859453292
-0.198922007215244 -0.9138104006119826 0.1631477579884626
0.3190067895378046 0.8631840401493238 -0.09440479475434671
-0.3239847333914443 -1.1088437472376182 -0.8547627406584724
0.4306029610554982 0.11486093132054176 0.42141576274972614
0.18858909421063585 -0.7896180147256472 0.4313910109279151
0.2042252988544746 0.1309443822944072 -1.6661571265911004
0.40818455463370995 0.8226875243881366 0.5674696505000969
-0.06069873419677552 -1.0615246125025364 -0.12282098737462244
0.23318545968519366 0.3264596232104402 -1.5817302839614071
0.6096443221401748 0.7015701320327312 -0.1188673451403961
0.4546602624701983 -1.0023060509634705 -0.744338632596381
0.3194350467488436 0.4252127169763842 -0.48688934889776947
-0.86721133985594 0.31881903883709173 -0.03027122682244432
0.0858571223072937 0.3780524589005465 -0.7954016328151252
0.14492177400834394 0.6779598015675368 -0.27921101633734
-0.44557606468690847 -0.46866094163191363 -1.5769814207773698
-0.03728176225114144 -0.15393719818852825 1.740929919027442
0.9217234959442469 0.24251321978027995 0.07028618231394557
-0.8545518252525481 0.013612758398915181 -0.3070539150929439
-0.47040515252065473 -0.28957745929378476 1.4849335963441024
-0.7640674900386046 0.5467705082631045 0.26224404729204
0.7412147793972537 0.7372808801455513 0.7016855126952222
-0.05222716095207036 0.007927281477063453 1.4892645179952222
-0.6739859022776582 -0.2913946117639603 -0.34316150572933823
0.1417022434519466 0.057652325507159485 1.7698251482038074
0.09487592595352545 0.7035391588576996 1.1536167668051172
0.25487221414818606 -0.45640178145525034 -0.0011469683881406567
-0.347026835696977 0.09438967087868133 -0.9347688447571754
0.42930381905509907 -1.0613194537922404 -0.8240590767409262
0.39642370761324996 -0.4337599872319422 -1.6529339780020975
0.2869543459149393 0.019421228708893068 0.5799205509448462
0.3567035368485192 0.12443283450556208 -0.6519380334465619
0.0413292120977522 0.003592744603763798 -1.6889150735078737
0.27098336821569924 -0.888984666347398 1.3076117987761702
-0.03633195386693999 -0.3512708521268637 0.3179049610957776
0.18663105148753512 -0.784022292584448 0.5481552302786228
0.16549600067669323 0.23251526814636936 0.8712101137387784
-0.05842401718200363 0.00429676706427129 -0.4935018745133468
0.25005213350981403 1.2128539644157215 0.2766813635462757
0.47223247530483503 0.092597807827143 -0.1239823183693134
-0.49713783035353076 0.16889414865867813 -0.3875134654175443
0.32933041030087784 -0.11692719579478483 1.140702412895541
0.04180233669056066 -0.29338256647851924 -1.742257404005552
-0.27062340121233985 0.21571019745286124 1.2946550607818077
-0.27593030165015153 -1.3472057501092216 -0.14667785612388062
-0.021968174841670907 -0.027787726400015256 1.2727856511135824
0.012927310342260245 -0.3699108122491992 0.9192445190743772
0.09324699011812809 0.2422747472270652 0.7862013665530112
-0.3163729023895616 0.7431268252195666 -1.5329901334402072
-0.14020960276880867 -0.42762163594209013 -0.26287563224180577
0.08920282417676817 -0.7223937730974062 0.02859514069502822
-0.44235812109594463 0.8136336790063989 1.3994312555467223
0.0902112230288381 -0.5428987054560884 0.7648873271231205
-0.4927183877556873 0.7710390184492795 -0.9192850424024654
0.007409738381006781 -0.03846849852818934 -0.49128481011062775
-0.5863590851963982 0.8285899197678153 1.0394932703573936
-0.015792360441447828 -0.8182380170250079 0.7404528216245478
-0.05192164220793627 0.7347029900506366 0.427149203554519
-0.40615974315230985 -0.8703056771240146 1.25109841635645
-0.1724438334258851 0.2034802105050768 0.14254614135992272
-0.11081944420666745 -0.9743017691298352 0.8125845368180862
-0.07171035894546463 0.6650576872160965 -0.03451972852453222
-0.6452003936824986 0.1778233251310093 1.30875833234653
0.04382025055819749 -0.16719721423528733 0.6999505273217599
-0.23078156734673483 -0.09367105660956665 -0.6871248634672442
-0.269790620563084 1.2113778175248582 0.051159026590280376
-0.21220771312043496 0.33744818463361725 -0.4564772498418983
-0.37824921263238775 -0.07276161139102122 1.6342614322420128
-0.8674184621640466 0.7277237468613409 0.18795830241056022
-0.22056951958480342 -0.4594399188556406 -0.8267339269698626
-0.1319302547446295 0.03654498427045949 -1.4493072847021544
-0.617436901563789 -0.20891960697264222 -0.23963371420713964
0.07517421459690499 -0.48841374662570125 -1.8555539787391808
0.03255044961279285 -0.6195349153825076 -1.3005581823147625
0.05087900048442262 -0.17487052805600678 -1.7794782689436963
-0.5756176567815656 0.3145119451085998 0.7189500488272809
0.8258620036751361 -0.1891734377276828 0.5504366901335764
-0.006930125832907974 -0.08694494466302172 -0.09033638970036151
-0.72689867310307 -0.9752061345144073 0.34490552123081475
0.46170978943636465 0.6650717524014911 1.4710643539055246
0.17818663835024284 -0.38356409837520933 -1.19985059824326
-0.2922787377045357 -0.8491659978887908 -1.461058096445361
-0.43832351483467 -0.8076772515712612 -0.4995398346270119
-0.3844409595324507 0.12933916792573363 1.6451442056855559
-0.008329963344927638 -0.03180551059211689 -0.21464819222439413
-0.41294433797681873 -0.7850747111369112 -0.3578644957464512
0.6854265050027704 0.7166988380079133 -1.0450921093030892
0.8681596444158795 -0.2853320844050744 -0.9128268807743405
-0.10520128037436538 0.7962165144215563 0.21128456078964764
0.09026895463597873 -1.0034473936724964 1.1428589919038497
0.09977668421081698 1.0462879263807392 1.2025374305565277
0.6037147150567417 0.6922300276715556 0.9260991802440435
-0.29332129003248353 0.6199785753420217 -0.9145021453408413
0.45830406213186414 -0.12587142691075814 -1.266066427525172
-0.17488956003456124 -0.9430125856493374 -0.3858033691500107
